-1.100000
-1.100000
-1.100000
1.100000
1.100000
1.100000
1.100000
-1.100000
-0.491953
0.316685
-0.478126
0.285379
-0.464980
0.254809
-0.452515
0.224974
-0.440731
0.195875
-0.429627
0.167511
-0.419205
0.139882
-0.409463
0.112989
-0.400402
0.086831
-0.392022
0.061409
-0.384323
0.036722
-0.377304
0.012771
-0.370967
-0.010446
-0.365310
-0.032926
-0.360334
-0.054672
-0.356039
-0.075681
-0.352425
-0.095956
-0.349491
-0.115495
-0.347239
-0.134299
-0.345667
-0.152367
-0.344776
-0.169700
-0.343815
-0.186548
-0.342034
-0.203161
-0.339431
-0.219541
-0.336008
-0.235687
-0.331764
-0.251598
-0.326699
-0.267275
-0.320814
-0.282718
-0.314107
-0.297927
-0.306580
-0.312902
-0.298232
-0.327643
-0.289063
-0.342149
-0.279074
-0.356422
-0.268264
-0.370460
-0.256632
-0.384264
-0.244180
-0.397834
-0.230908
-0.411170
-0.216814
-0.424271
-0.201900
-0.437139
-0.186165
-0.449772
-0.169609
-0.462171
-0.152352
-0.474129
-0.134514
-0.485441
-0.116094
-0.496105
-0.097093
-0.506123
-0.077511
-0.515493
-0.057348
-0.524216
-0.036604
-0.532292
-0.015278
-0.539721
0.006629
-0.546503
0.029118
-0.552638
0.052187
-0.558126
0.075838
-0.562967
0.100070
-0.567161
0.124884
-0.570708
0.150279
-0.573608
0.176255
-0.575860
0.202812
-0.577466
0.229950
-0.578424
0.257670
-0.578736
0.285971
-0.578400
0.313375
-0.577043
0.338402
-0.574289
0.361054
-0.570138
0.381330
-0.564591
0.399229
-0.557647
0.414752
-0.549307
0.427900
-0.539570
0.438671
-0.528436
0.447066
-0.515906
0.453085
-0.501979
0.456728
-0.486656
0.457995
-0.469936
0.456886
-0.451820
0.453401
-0.432307
0.447540
-0.411397
0.439303
-0.389091
0.428689
-0.365388
0.415700
-0.340288
0.400335
-0.313792
0.382593
-0.285900
0.364393
-0.257526
0.347653
-0.229585
0.332372
-0.202077
0.318551
-0.175003
0.306189
-0.148362
0.295287
-0.122154
0.285844
-0.096379
0.277860
-0.071038
0.271336
-0.046130
0.266271
-0.021655
0.262666
0.002386
0.260521
0.025994
0.259834
0.049169
0.260608
0.071910
0.262840
0.094219
0.266533
0.116094
0.271684
0.137535
0.278295
0.158544
0.286366
0.179119
0.295896
0.199261
0.305401
0.218191
0.313397
0.235132
0.319884
0.250084
0.324861
0.263046
0.328330
0.274019
0.330289
0.283002
0.330738
0.289996
0.329679
0.295001
0.327110
0.298016
0.323032
0.299042
0.317445
0.298078
0.310349
0.295125
0.301744
0.290182
0.291629
0.283251
0.280005
0.274329
0.266872
0.263419
0.252229
0.250518
0.236078
0.235629
0.218417
0.218750
0.199247
0.199882
0.179028
0.181305
0.158222
0.165303
0.136828
0.151874
0.114845
0.141018
0.092276
0.132736
0.069118
0.127028
0.045372
0.123893
0.021039
0.123332
-0.003882
0.125344
-0.029391
0.129930
-0.055488
0.137089
-0.082173
0.146822
-0.109445
0.159129
-0.137306
0.174009
-0.165754
0.191463
-0.194790
0.211490
-0.224414
0.234091
-0.254625
0.259265
-0.285425
0.287014
-0.316812
0.317335
-0.347347
0.347361
-0.375590
0.374224
-0.401540
0.397922
-0.425198
0.418456
-0.446563
0.435826
-0.465636
0.450032
-0.482416
0.461074
-0.496905
0.468951
-0.509100
0.473665
-0.519003
0.475215
-0.526614
0.473600
-0.531933
0.468821
-0.534959
0.460879
-0.535692
0.449772
-0.534133
0.435501
-0.530282
0.418066
-0.524138
0.397467
-0.515702
0.373704
-0.504974
0.346777
1.100000
-1.051111
1.100000
-1.002222
1.100000
-0.953333
1.100000
-0.904444
1.100000
-0.855556
1.100000
-0.806667
1.100000
-0.757778
1.100000
-0.708889
1.100000
-0.660000
1.100000
-0.611111
1.100000
-0.562222
1.100000
-0.513333
1.100000
-0.464444
1.100000
-0.415556
1.100000
-0.366667
1.100000
-0.317778
1.100000
-0.268889
1.100000
-0.220000
1.100000
-0.171111
1.100000
-0.122222
1.100000
-0.073333
1.100000
-0.024444
1.100000
0.024444
1.100000
0.073333
1.100000
0.122222
1.100000
0.171111
1.100000
0.220000
1.100000
0.268889
1.100000
0.317778
1.100000
0.366667
1.100000
0.415556
1.100000
0.464444
1.100000
0.513333
1.100000
0.562222
1.100000
0.611111
1.100000
0.660000
1.100000
0.708889
1.100000
0.757778
1.100000
0.806667
1.100000
0.855556
1.100000
0.904444
1.100000
0.953333
1.100000
1.002222
1.100000
1.051111
1.051111
1.100000
1.002222
1.100000
0.953333
1.100000
0.904444
1.100000
0.855556
1.100000
0.806667
1.100000
0.757778
1.100000
0.708889
1.100000
0.660000
1.100000
0.611111
1.100000
0.562222
1.100000
0.513333
1.100000
0.464444
1.100000
0.415556
1.100000
0.366667
1.100000
0.317778
1.100000
0.268889
1.100000
0.220000
1.100000
0.171111
1.100000
0.122222
1.100000
0.073333
1.100000
0.024444
1.100000
-0.024444
1.100000
-0.073333
1.100000
-0.122222
1.100000
-0.171111
1.100000
-0.220000
1.100000
-0.268889
1.100000
-0.317778
1.100000
-0.366667
1.100000
-0.415556
1.100000
-0.464444
1.100000
-0.513333
1.100000
-0.562222
1.100000
-0.611111
1.100000
-0.660000
1.100000
-0.708889
1.100000
-0.757778
1.100000
-0.806667
1.100000
-0.855556
1.100000
-0.904444
1.100000
-0.953333
1.100000
-1.002222
1.100000
-1.051111
1.100000
-1.100000
1.051111
-1.100000
1.002222
-1.100000
0.953333
-1.100000
0.904444
-1.100000
0.855556
-1.100000
0.806667
-1.100000
0.757778
-1.100000
0.708889
-1.100000
0.660000
-1.100000
0.611111
-1.100000
0.562222
-1.100000
0.513333
-1.100000
0.464444
-1.100000
0.415556
-1.100000
0.366667
-1.100000
0.317778
-1.100000
0.268889
-1.100000
0.220000
-1.100000
0.171111
-1.100000
0.122222
-1.100000
0.073333
-1.100000
0.024444
-1.100000
-0.024444
-1.100000
-0.073333
-1.100000
-0.122222
-1.100000
-0.171111
-1.100000
-0.220000
-1.100000
-0.268889
-1.100000
-0.317778
-1.100000
-0.366667
-1.100000
-0.415556
-1.100000
-0.464444
-1.100000
-0.513333
-1.100000
-0.562222
-1.100000
-0.611111
-1.100000
-0.660000
-1.100000
-0.708889
-1.100000
-0.757778
-1.100000
-0.806667
-1.100000
-0.855556
-1.100000
-0.904444
-1.100000
-0.953333
-1.100000
-1.002222
-1.100000
-1.051111
-1.051111
-1.100000
-1.002222
-1.100000
-0.953333
-1.100000
-0.904444
-1.100000
-0.855556
-1.100000
-0.806667
-1.100000
-0.757778
-1.100000
-0.708889
-1.100000
-0.660000
-1.100000
-0.611111
-1.100000
-0.562222
-1.100000
-0.513333
-1.100000
-0.464444
-1.100000
-0.415556
-1.100000
-0.366667
-1.100000
-0.317778
-1.100000
-0.268889
-1.100000
-0.220000
-1.100000
-0.171111
-1.100000
-0.122222
-1.100000
-0.073333
-1.100000
-0.024444
-1.100000
0.024444
-1.100000
0.073333
-1.100000
0.122222
-1.100000
0.171111
-1.100000
0.220000
-1.100000
0.268889
-1.100000
0.317778
-1.100000
0.366667
-1.100000
0.415556
-1.100000
0.464444
-1.100000
0.513333
-1.100000
0.562222
-1.100000
0.611111
-1.100000
0.660000
-1.100000
0.708889
-1.100000
0.757778
-1.100000
0.806667
-1.100000
0.855556
-1.100000
0.904444
-1.100000
0.953333
-1.100000
1.002222
-1.100000
1.051111
-1.100000
-0.962255
0.473856
-0.868411
0.313146
-0.669745
0.183440
-1.049851
-0.051368
-0.820490
-0.956227
-0.483564
-0.795103
-0.254532
-0.701775
0.105167
-0.912232
0.248676
-0.861633
0.373111
-0.772990
0.915397
-0.588010
0.864845
-0.303625
0.799708
0.262102
0.223013
0.794231
-0.143223
0.243697
0.397996
0.455054
0.549763
0.892990
0.968284
0.721264
0.777102
1.019157
-0.142177
0.944293
-0.868738
1.041684
-1.045990
0.697174
-1.044942
0.579865
0.680810
-0.845432
0.704086
-0.466165
1.016218
-0.445396
0.693851
-0.019391
1.046567
0.002135
1.017612
0.125797
1.040552
0.219357
1.039810
1.037306
0.688933
1.055196
0.417504
0.998213
0.182984
0.469916
-0.198482
0.536427
-0.381363
0.921348
-0.387482
0.633716
-0.627228
0.911283
-0.765396
1.035925
-0.463871
0.682464
-0.799231
0.645722
-1.051408
0.524106
-0.598226
0.462340
-0.402496
-0.022735
-1.041878
-0.228492
-0.803926
-0.541510
-0.695489
-0.752412
-0.916891
-0.815698
-0.983053
-0.943873
-1.028939
-1.041283
-0.025161
-0.761593
-0.000192
-0.929724
0.083803
-1.045410
0.213436
-0.633652
0.477851
-0.779171
0.943227
-0.761705
0.986938
-0.889243
1.032682
-1.046046
-1.054826
0.166906
-0.522989
0.290567
-1.038109
0.236728
-0.944529
0.019558
-0.673945
-1.022367
-0.382811
-1.020678
0.085679
-0.593546
0.200829
-1.028611
0.350763
-1.009539
0.502347
-0.527966
0.457587
0.275615
0.307343
0.312806
0.067147
0.925005
0.272096
0.614990
0.587458
1.063617
0.672559
0.670948
0.633124
0.879252
-0.098307
0.618371
-0.617193
0.620832
-0.888051
0.567554
0.771096
-0.599899
0.601817
-0.984057
0.908451
-0.467225
0.832069
-0.348618
1.043720
-0.517586
1.064307
-0.165991
0.861346
-0.171852
0.836187
0.117276
0.878849
0.211361
1.019749
0.875886
0.398307
0.701050
0.065058
0.786326
-0.383993
0.424764
-0.004738
0.519379
-0.308072
0.837126
-0.478643
0.477909
-0.191604
0.736979
-0.825926
0.766174
-0.907436
0.845503
-0.414272
0.719606
-0.704028
0.809960
-0.779718
0.521608
-0.634832
0.387265
-0.823166
0.043069
-0.876385
-0.115326
-0.322544
-0.342280
-0.722233
-0.912221
-0.572695
-0.686639
-0.135252
-1.027663
0.010845
-0.879189
0.160125
-0.829134
0.429756
-0.576681
0.481567
-0.821513
0.824979
-0.692412
-0.722040
0.280965
-1.011670
0.359980
-0.838849
-0.008198
-0.910418
0.164664
-0.675531
-0.868970
-0.717575
-1.049988
-0.397981
-0.864126
-0.522080
-0.922326
0.033634
-0.786771
0.488262
-0.486826
0.679690
0.477792
0.524610
0.625411
-0.054409
0.805754
0.151059
1.014129
0.167912
0.758105
0.246046
0.414768
0.821356
0.811219
0.481194
0.807458
0.184777
0.601367
-0.236273
0.808731
-0.568169
0.771433
-0.789243
0.445564
0.791572
-0.568021
0.559103
-0.854983
0.458313
-0.945501
1.031618
-0.606831
0.834275
-0.079163
1.043715
-0.229783
0.711652
-0.286278
0.748994
0.232224
0.276967
0.775046
0.378135
0.598085
0.134603
0.873154
-0.012376
0.850370
0.174070
0.214898
0.129264
0.576472
-0.229582
0.937224
-0.475913
0.817543
-0.514269
0.522328
-0.250090
0.760872
-0.833937
0.929080
-0.863463
0.738309
-1.010924
0.932782
-0.293733
0.710946
-0.570628
0.721740
-0.895271
-0.310668
-0.659213
-0.672448
-0.371361
-0.645018
-0.794263
-0.815002
-0.268149
-0.926983
-0.050167
-0.878663
0.085704
-0.793762
-0.785900
-0.038712
-0.616498
-0.776101
0.648841
-0.393212
0.674480
0.370584
0.937034
0.507055
0.532723
0.466227
0.562229
0.752657
0.281816
0.960533
0.336719
0.698559
0.313231
0.505960
0.912979
0.929377
0.551003
-0.680088
1.010745
-0.648170
0.824529
0.023655
0.731713
-0.127208
0.988595
-0.359548
0.523587
-0.248199
0.781907
0.348142
0.330485
0.761191
-0.028744
1.051900
-0.363658
0.829445
-0.517452
0.867330
-0.812766
0.717270
-0.967007
1.042270
-0.839786
-0.704170
-0.478525
-0.643979
-0.100596
-0.834341
0.938381
0.302794
0.680449
-0.719153
0.370020
-0.186344
-0.482055
1.030624
-1.042719
-0.660037
-0.055538
-0.560178
0.754209
-0.755008
0.550377
-0.129701
0.276894
0.057663
-1.048935
-0.539724
0.800138
-0.800547
0.540739
-0.047100
0.536273
0.098183
-0.976880
-0.413324
0.776772
-1.044948
0.757952
0.017503
0.803502
-0.050176
-1.066625
0.472245
-0.548907
0.417175
-1.052085
0.002707
-0.363769
-0.204904
-0.710960
-0.133315
-0.935343
-1.038740
-0.231686
-0.444317
0.319022
-0.738964
0.293405
-0.604911
0.487834
-1.044169
0.340837
-0.616789
0.221254
0.258958
1.058355
-0.054864
0.322493
-0.078181
0.458174
-0.348779
1.041913
0.397723
0.869497
1.053095
0.309851
0.913341
0.821212
0.550825
1.020722
0.617240
0.840531
0.924870
-0.996491
0.837748
0.478101
-0.403132
0.430513
-0.295202
0.936185
0.106252
0.725232
0.135610
0.333834
0.230316
1.051549
0.074536
1.042303
0.453972
0.856998
0.588711
1.036846
0.728659
0.544037
1.053122
0.234468
1.035578
0.068789
1.055160
-0.084607
0.947438
-0.139570
1.051190
-0.205617
0.432041
-0.301913
0.995414
-0.569289
1.059959
-0.666531
1.067321
-1.054295
0.971097
-0.733295
0.860368
-0.804740
0.357322
-1.040547
0.304086
-0.429043
0.086727
-0.469179
-0.271338
-0.952848
-0.745453
-0.760127
-0.678647
-1.050150
-0.875639
-1.045990
-0.935388
-0.239755
-1.053607
-0.147066
-0.508265
-0.167142
-0.681647
-0.090238
-1.055288
0.073319
-0.708686
-0.153071
-0.925597
0.210330
-0.702321
0.259517
-1.049486
0.672252
-1.014508
0.764764
-0.692344
0.828992
-0.920534
0.901365
-1.001997
1.027642
-0.837815
0.849147
-0.783950
1.047816
-0.929244
-0.835003
0.242509
-0.496334
0.225825
-1.056120
-0.768462
-0.457739
-1.045912
0.165978
-0.604754
0.350700
0.322308
0.261656
0.297512
-0.255471
0.300944
0.569009
0.397486
0.756385
0.734633
-0.114353
0.511415
-0.567706
0.496907
0.610191
-0.675619
0.870666
-0.388677
0.917321
-0.081331
0.610521
0.965797
0.595025
0.709394
0.012817
0.593247
-0.465193
0.569828
-0.051491
0.529828
-0.414744
0.484404
-0.071618
0.723614
-0.733162
0.658047
-0.985081
0.652300
-0.876468
0.512354
-0.969501
-0.078736
-0.943394
-0.132729
-1.054218
-0.308516
-0.570337
-0.936895
-0.588115
-0.386168
-0.954527
-0.882250
0.229983
-0.916766
0.601620
-0.875264
-0.922329
0.249107
-0.954258
0.147375
-0.197073
-0.479598
-0.586506
-1.025835
0.154351
-0.993183
0.369887
-0.899367
0.279269
-0.950690
0.646915
0.613635
0.415563
0.651251
0.048921
0.871623
0.030912
0.681153
0.713345
0.777120
0.480504
0.713537
0.743651
0.927258
0.077038
0.704825
-0.158201
0.814376
-0.945360
0.568382
0.638475
-0.544688
0.488206
-0.899564
0.432578
-1.051071
0.791431
-0.446510
0.738347
-0.337630
0.909198
-0.215767
0.935200
0.201467
0.494279
0.191934
1.009087
0.930855
1.032674
0.818016
0.230195
0.680266
0.412569
0.556993
0.123294
0.922938
0.002101
0.787285
-0.309887
0.556947
0.042855
0.155285
0.172360
0.692690
-0.214881
1.019926
-0.492640
0.766066
-0.259073
0.666374
-0.560979
0.627810
-0.752845
0.967616
-0.695029
0.482376
-0.732511
0.429894
-0.766402
0.316668
-0.679598
0.013504
-0.773243
0.132609
-0.700485
-0.501158
-0.601343
-0.524493
-0.360112
-0.756941
-0.852404
-0.851477
-0.667273
-0.718651
-0.520439
-0.683239
-0.296858
-1.050233
0.452426
-0.658677
0.887331
-0.691523
-0.633199
0.301510
-0.908148
0.405764
-0.507127
-0.002646
-0.908805
0.066895
-0.418098
-0.904054
-0.366396
-0.909092
0.621335
-0.291870
0.719272
0.528748
-0.131910
0.852464
0.332722
1.054473
0.976452
1.048927
0.500534
0.934977
0.351167
0.945994
-0.660668
0.836002
0.427438
-0.897561
1.028541
-0.692372
0.805058
-0.180399
0.819441
0.161202
0.816294
0.428186
0.096322
0.835782
0.150764
0.417637
-0.019729
0.312921
0.018822
0.424156
0.152172
0.517020
-0.293215
0.888558
-0.891513
0.915628
-0.665821
0.756496
-0.888995
-0.192034
-0.858143
-0.793262
-0.448648
-0.836775
-0.191388
-0.887028
-0.302251
-0.758814
-0.199997
-0.790061
0.204962
-0.778443
-0.769515
-0.145491
0.558780
-0.436519
0.541921
0.288879
0.712791
0.422391
1.055595
0.310471
0.483167
0.599895
0.489387
0.446574
0.356499
0.425454
0.937242
0.834523
0.648563
-0.076764
0.655515
-0.170566
0.709301
0.270790
-0.451795
0.976586
-0.369891
-0.587048
-0.550281
-0.543149
0.929764
0.377860
0.638120
-0.743251
0.630351
-0.251353
-0.359546
1.008215
-0.946088
-0.632382
-0.107725
-0.661029
-0.005054
-0.583330
0.924374
-0.856134
0.402532
-0.039127
0.494757
-0.202982
0.496743
-0.152999
0.627117
0.235355
-0.940884
-0.336562
0.632604
-0.024702
0.489297
0.134879
-0.975451
-0.505719
-0.863388
-0.392703
0.738667
-0.879956
-0.572775
-0.158613
-0.615021
-0.084663
0.445123
-0.123669
0.415661
0.909249
0.207563
0.956530
1.020077
0.514241
0.600128
0.298329
0.411098
0.052444
0.359738
0.278460
0.860320
0.761276
0.749467
0.635065
-0.178547
0.396371
-0.341045
-0.295355
-0.371688
-0.151770
-0.858277
-0.601341
-0.783713
-0.589617
-0.119014
-0.713519
0.158465
-0.729256
0.480283
0.361631
0.730156
0.827193
-0.154795
0.632779
-0.994932
-0.113319
-0.939345
-0.232124
-0.558088
-0.595398
-0.463072
-0.386045
-0.365826
-0.523864
0.603450
0.521480
0.615724
0.773781
0.487549
0.501792
-0.018568
0.742332
-0.307919
0.495182
0.094690
0.340742
-0.082747
0.182157
-0.597816
0.087474
-0.459946
-0.756060
-0.340594
-0.852331
-0.538146
0.351644
-0.567911
0.847119
-0.070048
0.476567
0.030736
0.490347
-0.833985
-0.210842
-0.193913
-0.841081
-0.241007
-0.877434
0.555571
0.587777
-0.322569
-0.619564
-0.419614
-0.508336
0.878003
0.345229
-0.907357
-0.578766
-0.011435
-0.691757
0.482022
-0.032370
-0.881078
-0.445238
-0.844349
-0.496595
-0.554286
-0.253608
-0.564681
-0.075598
-0.082688
0.387160
-0.676980
-0.264671
-0.738796
-0.354290
-0.813917
-0.432051
-0.875351
-1.046117
-0.273247
-0.595192
0.422149
-0.706360
0.907785
0.595201
0.971101
0.641151
0.840329
-0.240625
0.914464
0.027287
0.745799
0.097482
0.885959
0.541668
0.561755
0.954256
-0.327735
0.377654
-0.576341
1.002173
-0.699924
0.967139
-1.054762
-0.435240
-1.053755
-0.486871
-0.634040
-0.318052
-0.003946
-1.010827
0.678649
-0.936719
0.718503
-1.042391
0.834604
-1.039262
1.052196
-0.883228
-0.461936
0.178847
-1.041757
0.097033
-1.003503
-0.845190
0.538602
-0.398699
-0.269027
0.349569
-0.111546
0.441580
-0.858823
0.682376
0.913458
-0.311156
0.961436
-0.450140
0.861007
0.148279
-0.954985
0.731362
-0.755665
-0.895890
0.043272
-0.983179
0.623350
-0.584800
-0.995419
0.420935
-0.941350
0.198194
-0.622745
-0.956460
0.583007
0.640154
0.532634
0.694356
0.093518
0.628089
-0.745952
0.562251
0.871791
-0.603137
0.766208
-0.528808
0.940065
-0.509686
0.789000
-0.262027
0.977399
-0.156718
0.696342
-0.417617
0.314792
0.128468
-0.911146
0.769268
-0.701153
-0.080841
-0.689287
-0.334467
-0.648620
-0.540987
-0.788439
-0.992330
0.887815
-0.548222
-0.614655
0.199512
-0.996694
0.277041
-0.812499
-1.052995
-0.569501
-0.851081
0.265458
0.526260
-0.195636
0.850309
0.472529
-0.559146
1.047089
-0.360987
0.777632
0.504715
0.048952
0.261158
-0.806779
0.992720
-1.051774
1.029598
0.751074
-0.396569
0.541976
0.155451
0.845917
-0.026033
-0.009368
0.985724
-0.354471
0.726004
-0.448524
-0.472482
0.905440
0.251267
0.811196
-0.743038
0.351568
-0.137678
-0.998561
-0.628502
0.735196
-0.812787
0.430718
0.173690
0.746904
-1.000491
0.704927
0.035799
-0.449030
-0.231408
-0.899599
-0.990848
-0.544991
-0.431629
0.889797
0.451936
0.837893
0.863369
0.633680
0.088141
0.983005
0.476577
1.000666
0.674930
-0.705919
0.058615
-0.468864
-0.187793
-0.208590
-0.614756
-0.036923
-0.996878
0.613621
-1.068183
0.897528
-0.936095
-0.078082
0.283873
0.599695
0.431826
0.587921
-0.611618
-0.642167
0.666046
-0.935629
0.327816
0.371052
0.808403
0.001531
0.358807
-0.521204
0.042259
-0.750225
-0.544692
-0.633646
-0.479459
-0.417923
0.032687
0.560984
-0.306011
0.131935
0.310448
0.086009
0.519238
-0.908423
1.007017
0.981419
0.799637
-0.327871
-0.666003
-0.347667
-0.427303
0.296137
-0.020701
0.684988
0.230755
0.593122
-0.056780
0.577860
-0.002305
-0.678394
-0.449726
-0.735430
-0.182111
-0.598744
-0.024269
0.864442
0.699551
-0.506837
-0.302515
-0.377362
-0.109698
-0.632745
0.146118
0.087736
0.420426
-0.465486
-0.579562
-0.671310
-0.144148
-0.817045
-0.250482
-0.754522
-0.431770
-0.845182
-0.338725
0.840302
0.502811
-0.529295
0.077781
-0.045259
0.225005
0.657889
0.140536
0.791332
-0.992197
-0.595723
-0.440018
-0.502322
-1.054890
-0.275821
-0.547952
0.139462
-1.042821
0.336173
-0.681713
0.558986
-1.032820
1.034128
-0.302159
0.105993
0.168260
1.050565
0.971244
0.897925
1.009677
0.266518
0.828913
-1.068048
0.863712
-1.035048
0.784552
0.470406
0.994914
-0.060587
0.997308
-0.272970
1.045075
-0.332629
1.051327
-0.419829
1.030378
-0.518693
0.974788
-0.535519
0.805138
-0.333013
-1.005288
-0.147153
-0.626549
0.293659
-0.695469
1.061618
-0.654615
0.861134
-0.839666
-0.526762
-0.966297
0.525404
-0.753040
0.697238
-0.617398
-0.763134
0.826488
-1.016190
0.672888
-0.897540
-0.031104
-0.966727
-0.304974
1.046189
-0.743573
0.337052
-0.856464
0.284338
-0.887785
0.767430
0.795346
0.706093
0.946596
0.589966
0.867609
0.990024
-0.206775
0.433058
0.104675
0.960626
0.890572
-0.347064
0.640750
-0.463418
0.730591
-0.377453
0.677540
-0.846164
0.843606
-0.835235
0.591688
-0.659138
-0.044939
-0.869320
0.161189
-0.652020
-0.609457
-0.669855
-0.804152
-0.534714
-0.730054
-0.664546
0.344317
-0.763720
0.191854
-0.730993
-0.796481
-0.302212
-0.891834
0.576954
-0.549649
0.164969
0.827727
0.778433
0.907764
-0.750936
0.481008
0.506017
-0.986508
0.777459
-0.141002
0.454129
0.892551
0.255645
0.880312
-0.956329
0.903468
-0.362602
0.590128
-0.577658
0.566209
-0.983648
-0.213312
-0.538628
-0.638410
-0.776530
-0.764859
0.124319
-0.630870
-0.810211
-0.101571
0.667067
-0.501940
0.568453
0.242907
0.631883
-0.847149
0.990965
0.075347
0.989011
-0.258585
0.550659
-0.191870
-0.440852
0.772628
-0.409561
0.881103
-0.963314
0.974712
-0.876545
-0.689156
-0.067245
-0.705675
0.964497
-0.821047
0.463576
-0.243899
-1.002481
-0.381589
0.458567
0.056117
0.386800
-0.665777
1.016612
-0.080111
0.442519
0.946763
0.692548
0.577232
-1.010382
0.742973
0.875594
0.068010
-0.636575
0.971934
-0.824614
0.298830
-0.817738
-0.647214
-0.197856
-0.969323
0.040228
-0.607675
0.272219
-0.781184
0.299592
-1.004486
-0.434796
-0.970847
0.202957
0.386577
-0.111467
0.342943
0.725638
0.677759
-0.172748
0.685992
-0.619349
0.531266
-0.419376
0.604187
-0.368313
0.508030
-0.717883
0.748152
-0.888062
-0.073221
-0.448724
-0.313031
-0.628319
-1.054675
0.415377
-0.972245
0.229870
-0.973169
0.341590
-0.954773
-0.112250
0.757362
0.686064
-0.542960
0.729688
-0.214880
0.996864
0.254025
0.989280
0.988534
-0.273152
0.576362
-0.164653
1.005443
-0.199485
0.596332
-0.741148
0.011675
0.987027
-0.726864
-0.491729
-0.883458
0.739722
0.587655
0.389049
1.049849
0.932490
0.975020
0.347840
0.859870
-0.533316
0.919741
0.611722
-0.497710
0.431766
0.376539
0.680738
-0.231589
-0.979236
-0.680508
-0.638450
-0.214226
-0.456943
-0.047236
-0.635411
0.038566
0.997198
0.563733
-0.211383
0.326286
-0.704576
-0.607547
-0.144357
0.569851
-0.514634
-0.591126
-0.048718
-0.634979
-0.497168
-0.239507
-0.742753
-0.298833
-0.680838
0.628320
-0.023260
0.167029
-0.372972
-0.378462
0.393943
0.227341
-0.198283
-0.542299
0.845947
-0.978657
1.005121
-1.001656
-0.123338
0.205782
0.815566
0.719508
0.779550
0.675330
-0.540631
-0.126177
-0.618405
0.347061
-0.815845
-0.380190
-0.982829
-1.006559
-1.052288
-0.822797
1.062055
-0.560626
0.492584
-0.298768
1.019917
0.354837
1.059770
0.666731
0.744399
1.058023
0.291876
1.009028
0.123195
1.059066
-0.846082
0.405817
-1.065412
-0.169193
0.138428
-0.785955
1.054663
-0.991003
-0.181482
-1.066331
0.365434
0.535732
-0.931553
0.621949
-0.168625
0.478796
-0.794730
0.875447
-0.422264
0.933485
-0.790859
-0.877598
0.942142
-1.053152
-0.881770
0.210128
-0.997406
-0.026063
0.055173
-0.845446
-0.110391
0.803467
-0.689142
0.696856
1.003113
-0.490521
0.787358
-0.329909
0.921110
-0.146498
0.280216
0.718840
-0.549299
0.674843
-0.673965
0.927486
-0.700561
0.571520
-0.750889
0.372025
-0.858667
0.078834
-0.891603
-0.896669
-0.094780
-0.920518
0.180675
-0.912945
0.425598
-0.807833
0.397604
-0.855332
0.922552
-0.661710
-0.671380
0.262262
-0.900269
0.119157
0.028791
-0.729608
-0.005291
-0.827581
0.756148
0.300348
1.057010
0.554765
0.094136
0.885285
0.225498
0.736224
0.310582
0.576091
0.182779
0.555929
-0.943594
0.427542
0.490068
-0.613968
0.767583
0.450097
0.364048
0.651520
0.189285
0.900390
-0.051796
0.902384
0.103587
0.261640
0.036989
0.315772
-0.348064
0.883095
-0.240373
0.894505
-0.421157
-0.675205
-0.738309
-0.858017
-0.381953
-0.815262
-0.216633
-0.731672
-0.610984
-0.895721
0.814314
-0.399409
0.421606
0.320555
0.316677
0.637729
0.325987
0.370065
0.881813
-0.343794
0.446106
0.748434
0.031169
1.025571
0.878144
-0.739294
0.513061
0.032837
0.322725
0.175015
-0.983452
-0.565174
0.757504
-0.039818
-1.050722
0.390988
0.501984
-0.092446
0.835165
0.999578
0.772229
0.962389
0.963351
0.150046
0.660789
0.280155
0.692769
0.084710
0.368302
0.091629
0.879507
0.820631
0.095255
0.991944
0.005708
0.921586
-0.335732
0.943294
-0.778164
0.248605
-0.654719
0.438121
-0.766598
0.063745
-0.414809
-0.190452
-1.007108
-0.896060
-0.112234
-0.968981
-0.583597
0.279375
-0.667755
0.099517
0.545704
0.347272
0.957427
-0.400944
0.657328
0.998232
0.598838
0.916307
0.645417
0.717947
-0.043457
0.596825
-0.058006
0.659742
-0.628741
0.712475
-0.927607
0.519282
-0.995170
0.186843
0.473825
0.654909
0.725973
0.884041
0.128132
0.753447
0.645561
-0.447209
0.551385
-0.902977
0.597663
0.183806
1.057740
0.915735
0.986246
0.843646
1.019104
0.775126
0.231271
0.629663
-0.233732
0.484805
-0.594783
0.670379
-0.516414
0.593302
-0.712663
0.222271
-0.642747
-0.368487
0.513711
-0.700407
-0.952313
0.374369
0.701217
-0.157577
0.878786
0.293363
-0.259564
-0.783684
-0.149065
-0.807192
0.506357
0.249014
0.696766
0.318208
0.520478
0.408797
0.317400
0.459583
-0.394955
0.968952
-0.389467
-0.471808
-0.509206
-0.488885
0.677115
-0.791668
-0.105225
-0.544709
0.438658
-0.184265
0.652023
-0.889318
0.741553
-0.944084
0.612144
0.371245
0.356735
0.041863
0.392674
0.011379
0.903027
0.674927
0.931533
0.773834
0.801979
0.612792
0.671659
0.828715
-0.114855
0.673589
-0.519412
-0.371651
-0.304168
-0.511066
0.553760
0.528244
-0.320853
0.432689
0.121687
0.467566
-0.857706
-0.240057
-0.367282
-0.697805
0.875220
0.412242
-0.887544
-0.528643
-0.530442
-0.187310
-0.627017
-0.152175
-0.583517
-0.119243
-0.802968
-0.296379
0.873943
0.015085
-0.730154
1.006828
-0.574786
-0.321191
0.614207
-0.931952
-0.262842
0.436520
-0.775940
-0.932144
0.108263
-0.992119
0.998367
-0.551009
1.018147
-0.131120
0.688834
-0.367823
0.236940
0.573954
-0.460596
-0.524509
-1.045448
-0.594677
-0.728895
0.135121
-0.895053
0.353342
-0.558830
0.026208
-0.477762
0.051557
0.147985
0.360680
-0.872736
0.974213
-0.307135
-0.710654
-0.292401
-0.390040
-0.334360
-0.385502
-0.703683
-0.400098
-0.774906
-0.257496
-0.894066
-0.355285
0.591868
0.121176
-0.473301
0.916491
0.799670
-0.864651
-0.878688
0.028248
-0.883226
-0.737265
0.978113
0.011599
-0.382411
-0.971809
0.356779
0.996436
-0.729663
-0.640042
-0.899639
0.460244
-1.060522
0.047852
-1.010231
0.038630
-0.318598
-0.564018
0.022325
-1.055097
0.376562
-0.720369
0.296681
-0.650240
0.449975
-1.001102
1.059811
-0.465353
0.924292
1.054330
0.883644
0.967471
-1.040263
0.639452
0.781110
0.127267
1.060141
0.166141
0.441579
1.047808
-0.247824
0.983481
-0.378715
1.058066
-0.531888
1.033084
-0.997237
0.995060
-0.730967
0.914696
-1.060448
0.347770
-1.005182
-0.460797
-1.016943
-0.725630
-0.980511
-1.057231
0.118796
-0.689661
0.257888
-0.620796
0.320141
-1.059862
0.666437
-1.057449
0.885043
-1.051192
-0.951332
-0.815052
1.069256
0.360331
0.182697
1.051873
-0.189856
1.056642
0.797879
-0.014820
0.902712
0.159887
0.147243
0.636694
-0.405918
0.546473
-0.718061
1.054472
-0.988696
-0.271772
-0.833244
-0.910474
-1.065834
-0.994297
-0.040828
-1.046171
0.113093
-0.835892
0.056855
-0.910738
0.201344
-0.856762
0.208035
0.431481
0.588441
1.012992
0.646889
0.934315
0.612940
0.833306
-0.990654
0.535176
0.758012
-0.484165
0.373986
0.143325
0.437619
0.602134
0.114088
0.674847
-0.810952
0.813204
-0.976520
0.798731
-0.230073
0.701851
-0.512345
0.711154
-0.600050
-0.573309
-0.868977
-0.948237
-0.654151
-0.754365
-0.259106
-0.987587
0.455536
-0.856432
-0.664141
-0.106421
-0.624024
-0.716219
-0.722383
-0.981980
-0.546940
-0.888615
0.509257
0.756352
0.212816
0.518135
0.821457
-0.511491
0.809975
-0.627586
0.529231
-0.584209
0.533041
-0.809826
0.794115
0.073444
0.821586
-0.129901
0.950496
-0.190248
0.817039
0.211720
-0.620190
0.853785
-0.764098
1.000470
-0.770260
0.769654
-0.861061
0.796043
-0.707093
-0.691421
-0.149146
-0.862532
-0.320822
-0.800697
-0.267540
-0.737476
0.079701
-0.650923
-0.616278
-0.831984
0.772403
0.396954
0.418475
0.504545
0.552533
0.818659
0.160525
0.964691
0.361610
0.480907
0.581887
-0.776389
0.744580
-0.630649
0.910316
-0.023368
0.777310
-0.092413
0.634381
-0.126191
0.938809
-0.266310
0.037923
0.969793
-0.318229
0.778038
0.988035
0.408296
0.570195
-0.721616
0.393616
-0.099495
-0.923600
-0.396715
-0.719561
-0.037745
-0.826904
-0.161890
0.326210
-0.799451
0.198835
0.321219
0.567570
-0.360169
0.928117
0.445935
0.392987
0.950128
0.704213
0.626742
0.196648
1.001125
-0.040105
0.950635
-0.113134
0.999147
-0.049918
0.432093
-0.259375
0.536584
-0.274573
0.940071
-1.005438
-0.786944
0.035773
-0.671607
0.066109
-0.753094
0.895522
-0.884134
0.903250
-0.800267
0.954530
-0.932616
-0.559524
0.226614
-1.069089
-0.713436
-0.466820
-0.933186
0.462620
0.410027
0.579728
0.477881
0.546628
-0.637839
-0.011214
0.556472
-0.511727
0.652036
-0.212038
0.649977
-0.869169
0.628249
-0.670472
-0.932676
-0.579083
-0.984988
0.142328
-0.881127
-0.240313
-0.562204
0.652653
0.539223
0.628344
0.670476
0.442792
0.694332
0.384918
0.753622
0.724450
1.007094
0.033119
0.735472
0.719152
-0.515810
0.380468
-1.054969
0.856619
-0.447816
0.813513
-0.296962
0.995425
0.193993
0.416755
0.266517
-0.255601
0.616618
-0.198301
0.966888
-0.466541
0.626315
-0.480673
0.120075
-0.790954
0.013945
-0.589800
-0.627223
-0.425101
-0.782000
-0.475972
-0.711338
-0.574253
0.161096
0.582825
-0.249177
-0.192452
0.913752
1.004885
-0.781265
0.746160
-0.176309
0.766812
0.175228
0.030095
0.543053
-0.021139
0.478555
-0.641946
0.804866
0.548755
-0.485927
1.049425
0.262760
0.294592
0.417052
-0.420822
-0.614862
-0.572537
-0.484505
0.824169
0.311406
0.583059
0.061679
-0.941827
-0.462399
-0.684419
-0.189215
-0.405237
-0.078803
0.247906
0.932365
0.243385
0.982621
0.346095
-0.009632
0.826387
0.670038
-0.152203
0.303298
-0.365710
-0.259554
-0.096125
-0.769204
0.492304
0.307294
0.781801
0.854269
-1.046191
-0.110207
-0.386347
-0.317996
-0.247223
-0.505592
-0.044220
0.766094
0.159765
0.264532
0.013899
0.214711
0.824624
0.373731
0.912009
0.718190
0.854066
0.459166
-0.622903
1.035994
-0.611822
-0.262846
-0.135214
0.391019
0.927142
-0.363077
0.965411
-0.310573
1.004138
-0.404591
-0.009808
-0.974182
0.670725
-0.581607
-0.626523
-1.004431
-0.741100
0.607977
-0.788840
0.578516
0.870900
-0.651542
-0.749658
-0.089425
-0.844088
-0.997756
-0.974344
0.238692
0.255227
0.467852
0.073358
0.213011
-0.384774
0.775041
0.399807
-0.145785
0.738897
0.061855
0.889562
0.485003
0.645489
0.032051
-0.053975
0.345244
0.453939
0.845030
0.516299
-0.352408
0.065635
0.581955
-0.769460
-0.485729
-0.007293
0.268721
0.316476
0.815769
-0.318497
-0.948589
-0.102474
-0.600513
0.689683
-0.673309
-0.992586
0.695891
1.062989
-0.797071
0.285046
-0.833379
-0.854723
0.882114
-0.552652
-0.791320
0.219965
0.846204
-0.723637
0.524808
0.498694
0.865237
0.165497
-0.665425
0.939038
0.057742
0.615784
-0.207918
-0.421916
0.822768
-0.930547
0.960719
0.399661
-0.240211
0.486525
0.085141
-0.195641
-1.014968
-0.753966
0.705963
0.731013
-0.573070
-0.236855
0.572254
0.931672
-0.709231
0.444237
0.455199
-0.589297
-0.204863
-0.453198
0.002223
-0.457012
-0.096463
-0.418433
-0.418493
0.450013
0.230713
-0.509250
-0.073703
0.318383
0.965073
-0.830096
0.480705
-0.901868
0.663244
-0.678525
0.873432
-0.055420
-0.814117
0.732409
0.359393
0.262606
0.360406
0.648677
0.327708
-0.225388
0.384057
0.963051
-0.613826
-0.784029
-0.206166
-0.920687
-0.688099
-0.966133
0.089350
0.893801
-0.267768
-0.576504
0.378708
-0.562846
-1.064731
-0.410071
-1.062179
1.059702
-0.104899
1.065922
0.112198
0.277249
1.066327
0.806676
1.061421
-0.204870
0.268468
0.961644
0.602391
1.068135
0.862316
-1.031900
0.827385
0.776015
-0.221310
1.033271
0.037755
1.063610
0.500065
1.057706
0.776936
0.492815
1.048685
0.526073
0.999753
-0.089446
1.050047
-0.233079
1.064281
-1.065111
0.749770
-1.058436
0.916546
-1.047235
-0.378996
-0.793169
-0.715113
-0.759950
-1.035339
-0.872903
0.268729
-0.677989
-1.065152
-0.539311
-1.016399
0.632420
1.055172
-0.810193
1.061786
0.646474
-0.624416
0.871740
-0.111905
-0.458927
1.071767
-1.011204
-0.076380
0.511698
-0.857584
0.242265
-0.821385
0.676444
0.894975
-0.833024
0.541873
1.019138
-0.177893
0.954089
0.240868
-0.335411
0.682244
-0.421498
0.657313
-0.714372
0.334553
-0.501298
-0.757198
-0.054611
-0.953186
0.094506
-0.877137
0.189150
-0.961533
0.908744
-0.623496
0.837049
-0.571597
-0.907299
0.299613
-0.838076
0.128146
-0.723433
0.167594
-0.413816
-0.937862
0.674401
-0.318023
0.599287
0.572001
0.119555
0.785194
0.277713
0.663483
-0.152243
0.891638
-0.274268
0.805617
-0.787169
0.481987
0.882441
-0.497116
0.406165
0.860097
-0.106173
0.898438
0.083100
0.298077
-1.003154
-0.163985
-0.418073
-0.730032
-0.823850
-0.755095
-0.849769
-0.061464
0.650621
0.426044
0.342305
0.616411
0.804115
0.765076
-0.925234
1.049743
-0.690870
-0.643604
0.600300
-0.155066
-0.854140
-0.671235
0.541535
0.204479
-1.017618
-0.413726
0.701592
-0.984895
-1.044428
0.435933
-1.017879
0.477390
-0.590949
0.422865
-0.426155
-0.136377
-0.924412
-0.939813
-0.483894
-0.427999
0.255236
-0.672139
0.969304
-0.107104
0.622615
-0.348052
0.894649
0.877290
-0.969947
0.852058
0.504295
-0.447387
0.978336
0.114238
-0.033221
0.389214
-0.972036
0.952223
-0.692332
0.384841
-0.889904
-0.818448
-0.883190
-0.643925
-1.021286
-0.983938
-0.218427
-0.929179
-0.078494
-1.007703
-0.109260
-0.883782
0.106957
-0.743705
0.718230
-0.719276
0.856646
-0.888818
1.000414
-0.954533
-0.657531
0.060027
0.382876
0.372164
-0.168906
0.356986
-0.634357
0.490151
0.510882
-0.658410
0.969562
-0.052650
0.668002
0.763625
-0.350985
0.539779
-0.015596
0.697985
-0.989559
0.599656
-0.937635
-0.285894
-0.945390
-0.983199
0.253604
-1.001709
0.649271
-0.978104
-0.952349
0.285613
-1.002578
0.137413
0.090659
-0.948061
0.397687
-0.940084
0.379919
-0.976807
-0.005655
0.643898
0.696624
0.723580
-0.198092
0.789973
-0.078891
0.771169
0.558476
-0.962562
0.784723
-0.363095
0.655400
0.193758
0.944274
1.015298
0.987302
0.759359
0.459456
0.554847
0.040040
0.825713
-0.308351
0.605362
0.192784
0.647909
-0.535949
0.755059
-0.300102
0.653592
-0.784097
0.935365
-0.785003
0.401838
-0.681628
0.304411
-0.417286
-0.556252
-0.640170
-0.420543
-0.909876
-0.846820
-0.351559
-1.056411
0.392105
-0.608991
-0.657174
0.223071
-0.538457
0.125154
-0.515567
-0.841092
0.730237
0.476577
0.961510
0.942698
0.370843
0.906086
-0.578037
0.945369
0.973706
-0.675255
0.091956
0.747530
-0.093979
0.228926
-0.257919
0.847090
-0.948702
1.004991
-0.611003
0.762837
-0.234798
-0.826271
-0.157846
-0.748913
0.596728
-0.404985
1.004687
0.305655
0.412489
0.415731
0.714028
-0.079769
0.680255
-0.123026
-0.459543
0.861058
-0.273285
-0.654511
0.975198
0.349877
0.700524
-0.756742
0.652978
-0.689944
0.663626
-0.276163
0.706878
0.184377
-0.895322
-0.257834
0.597442
-0.104792
0.698481
-0.899246
0.797104
-0.949454
-0.548120
-0.029728
0.945037
0.556747
0.443277
0.013255
0.946779
0.677761
-0.421859
-0.270539
-0.854096
-0.555035
-0.699893
-0.565249
-0.823406
-0.586589
-0.090534
0.565624
-0.950960
-0.186127
-0.338099
-0.476844
0.560433
0.436291
0.511253
0.566282
-0.635485
0.001948
-0.579149
0.324839
0.107832
0.382279
-0.282839
-0.838635
-0.897563
-0.491381
-0.932238
-0.522378
-0.720901
-0.453494
0.424187
-0.752849
0.469473
-0.725444
0.976861
0.524367
0.926505
0.638638
-0.574179
0.891073
-1.013459
-0.511755
-0.518054
0.173396
-0.159907
0.427575
-0.905677
0.709966
0.855811
0.179018
0.070717
0.664699
0.044282
0.632271
1.054661
-0.409753
0.810824
0.469399
0.771942
0.556212
-1.003903
1.061114
0.740261
-0.442134
0.875962
-0.063973
0.780782
-0.911810
0.810094
0.888207
-0.223323
-0.676420
0.626849
-1.022204
0.867348
-1.016963
0.627506
0.479418
-0.981217
0.321476
0.058031
0.373541
-0.739733
-0.595634
0.556932
-0.085901
0.529141
-0.012213
-0.769064
-0.390682
-0.785968
-0.343475
0.128979
0.214932
-1.013378
0.875975
-0.151494
-0.573050
0.259196
-0.728040
-0.479291
-1.000025
-0.995543
-0.335949
0.955586
-0.227659
-0.619213
-0.662123
-0.819976
0.187909
-0.743982
-0.733618
1.016127
-0.035101
0.882838
0.119818
-0.678972
1.017156
-0.158686
-0.981686
-0.424863
-1.011936
-0.136408
0.724083
-0.644194
0.574395
-0.359082
0.469051
-0.921108
-0.078604
-0.427005
-0.360815
0.401120
-1.010689
0.322552
-0.909794
-0.151666
0.770869
0.702313
-0.190493
0.742382
-0.252078
-0.156310
0.524286
-0.444781
-0.883665
0.299681
0.859903
-0.605195
0.026225
-0.732880
-0.233259
0.955604
-0.987567
-0.945071
0.678918
0.987606
-1.037323
-0.946492
-0.038836
0.763943
-0.294345
-0.669493
0.529125
0.138786
-0.943038
0.371817
-0.818308
-0.619875
0.248787
-0.077841
0.852250
-0.703059
-0.833041
0.371158
0.189493
0.307636
0.079399
-0.722140
0.104402
-0.811496
0.089204
-0.403832
-0.231150
-0.690560
0.139387
0.913322
-0.420025
0.592661
-0.454476
0.513232
-0.939167
-0.609216
-0.349243
0.850661
0.256860
0.301330
0.025403
-0.473166
-0.346972
-0.286282
-0.450425
0.069349
0.463920
-0.852372
-0.282665
-0.281280
0.395850
0.941357
-0.561745
-0.499838
-0.545307
-0.848015
0.345661
-0.908966
-0.787064
-0.766519
-0.630303
-0.455994
0.520876
0.125636
0.721630
-0.580448
-0.740573
-0.663845
-0.979782
0.590021
-0.827561
0.633187
-0.804952
0.444492
-0.077393
-0.967735
-0.372632
0.002487
-0.638121
0.932221
-0.899726
-0.590809
0.807775
0.869522
0.640149
0.424142
0.803903
-0.488639
-0.135099
