527
1651
249
381
263
548
486
1808
126
266
1333
1195
156
624
157
157
382
158
400
591
268
398
400
269
549
1660
1581
270
398
269
549
1581
161
591
1333
267
846
272
1314
4
399
5
6
5
614
1314
550
1315
7
6
614
614
845
7
10
592
11
11
592
12
592
929
13
384
1127
278
399
614
5
845
1466
9
14
929
15
18
17
383
19
18
1489
21
20
946
23
22
779
25
24
551
27
26
551
31
30
778
953
764
1116
30
29
1495
29
28
1495
288
1438
287
32
778
33
1069
305
1582
292
597
596
294
1353
293
553
299
824
389
1336
1117
847
1431
1118
297
389
296
306
307
1582
443
1299
36
616
960
308
443
1300
1299
38
1299
39
37
1299
38
41
554
42
616
308
1583
40
39
554
696
1724
311
810
825
1316
554
648
42
598
696
312
314
1130
313
46
599
47
49
1254
50
840
1354
1317
392
1317
319
53
52
754
650
1285
962
58
1028
59
61
393
62
393
1338
62
325
1458
1339
555
349
1318
1319
981
963
329
964
328
1320
665
557
67
66
558
557
328
964
558
1725
67
68
67
1725
68
1725
69
70
449
71
477
173
1119
124
486
125
125
486
126
407
461
74
422
175
1321
124
123
486
519
886
965
76
1669
77
678
129
966
182
423
181
560
1584
184
1287
423
1584
1818
560
367
127
966
128
575
187
1585
571
1553
84
88
87
533
94
93
937
91
561
92
134
1105
135
561
937
92
93
92
937
136
798
137
94
937
95
95
1860
96
140
139
354
97
96
539
98
97
539
99
98
539
539
1850
99
100
99
1850
101
100
872
102
101
872
85
1553
86
80
562
81
78
570
79
479
965
180
132
678
133
886
1789
178
678
1105
133
1120
571
562
102
1192
103
134
133
1105
737
1343
1121
671
1231
967
354
1588
140
211
564
1322
119
619
120
798
1111
137
131
678
132
130
678
131
118
117
619
129
678
130
119
118
619
121
120
559
122
121
559
409
619
117
581
1125
228
1124
708
1586
138
1111
139
353
482
969
564
212
1587
1097
620
1588
230
523
229
409
114
618
566
832
577
1085
1327
221
1096
567
1589
672
202
1590
968
1197
1323
216
371
215
580
1586
225
234
1599
1345
149
633
150
433
490
153
254
588
253
250
1792
249
155
154
490
256
257
970
360
1609
247
970
257
1591
988
361
1324
333
334
545
714
982
516
449
885
71
176
1321
175
73
407
74
75
74
461
179
965
886
1075
1832
1592
177
1789
1321
562
80
570
81
562
82
1042
1553
571
83
571
84
1033
1309
1593
716
1476
1325
533
899
88
90
561
91
187
575
186
107
106
574
189
1326
188
104
1192
105
188
1585
187
106
105
574
107
574
108
191
1481
190
189
190
1326
574
774
108
195
576
194
110
109
774
563
194
576
1594
771
576
567
1163
198
827
577
832
110
774
111
578
1122
200
199
200
1122
967
1231
205
1123
1587
214
211
1322
210
210
709
209
212
564
211
206
207
370
209
370
208
2
208
207
208
370
207
1233
578
1595
214
215
1123
833
1597
710
579
219
1596
972
710
1597
223
708
222
708
223
1586
114
409
115
227
228
1125
559
486
123
583
1598
232
116
409
117
142
620
143
1079
1427
583
620
849
143
973
523
1598
145
144
834
144
143
849
680
974
1328
145
834
146
237
1329
975
147
146
430
234
235
1599
149
148
633
430
633
148
236
237
975
237
238
1329
151
150
433
241
586
240
152
433
153
586
835
1330
977
1330
835
587
1508
242
243
587
242
489
525
978
378
1350
245
243
244
587
971
257
1600
247
248
360
971
1591
257
588
254
1601
1038
1737
1331
253
890
252
1
252
251
252
890
251
1148
836
1332
700
1293
1126
362
1324
261
263
381
262
362
262
381
1660
158
382
266
267
1333
159
158
549
160
549
161
163
399
4
343
550
274
14
13
929
276
1499
275
12
592
13
16
15
383
17
16
383
279
384
278
383
1489
18
20
19
946
21
946
22
280
640
279
1127
1644
1499
26
25
551
1043
1813
1602
1334
837
838
821
1103
875
540
838
284
28
27
1495
283
838
837
31
778
32
900
1291
535
1092
535
1335
615
1438
289
1027
1817
1603
457
1604
302
881
302
1604
596
1118
291
1336
298
553
304
1606
303
299
553
298
292
293
597
34
33
443
35
443
36
0
296
295
296
389
295
43
42
648
979
1537
1310
48
47
1254
44
648
45
45
599
46
915
600
980
316
601
315
48
1254
49
446
315
601
50
536
51
51
536
52
1433
1680
602
54
53
754
603
1395
729
54
1055
55
318
1317
317
56
55
404
57
404
58
604
1664
393
322
405
321
1057
605
1339
60
617
61
324
1339
323
62
1338
63
556
558
65
66
65
558
903
1657
842
331
332
1340
537
898
607
335
843
334
918
1109
609
714
171
982
843
1109
958
714
991
171
843
335
1341
167
168
844
169
1541
168
755
1435
983
167
844
612
397
1840
338
165
166
1129
397
1129
1110
165
1129
164
339
3
164
164
397
339
490
624
155
265
1658
264
646
1138
1605
8
7
845
268
269
400
275
343
274
273
1314
272
277
1127
276
594
1431
1342
457
303
1606
305
1069
304
616
1812
960
310
1724
1583
598
313
1130
60
59
617
405
962
321
323
605
322
557
665
327
665
1458
326
331
1340
917
985
1414
1240
174
1119
173
570
1669
848
423
479
181
111
774
112
737
192
1343
559
120
619
580
225
1344
523
1189
229
834
144
849
674
483
1131
112
618
113
218
412
217
1217
371
1608
509
794
739
672
1595
202
371
1123
215
1261
1760
1506
804
623
850
1079
583
1345
361
1600
259
378
245
1609
259
260
361
156
155
624
261
262
362
1004
1446
417
625
1750
1610
330
917
329
76
75
461
421
1187
351
1216
1855
853
422
1119
175
87
86
533
182
183
423
1387
424
1611
367
185
186
369
1326
190
547
893
1346
192
737
191
669
426
1347
1231
1590
204
370
967
206
412
1608
217
1360
1616
995
708
1085
222
510
1380
863
115
409
116
679
1366
1348
1349
1871
633
1133
850
623
682
1369
495
976
238
1612
1023
1064
1349
1073
1706
1141
1280
1820
1350
635
1556
380
246
1609
245
492
1543
1134
154
153
490
1135
1037
375
493
526
435
988
1324
636
264
548
263
662
1362
1223
439
1617
1568
162
161
802
23
779
24
401
1315
1139
1613
787
638
384
640
1351
286
1291
285
35
34
443
1083
1728
1379
818
1509
1281
291
292
596
344
1284
1352
597
293
1353
1136
1352
1284
389
1353
295
298
1336
297
536
754
52
446
1130
315
840
916
1354
503
1140
1355
319
320
392
447
391
1356
404
1028
58
348
1615
1357
73
72
885
664
1229
1614
714
1082
991
1539
1610
1750
609
1341
1137
610
844
168
338
339
397
612
1129
166
398
270
271
272
846
271
162
802
163
613
1605
1138
455
1138
860
1195
1658
265
1139
1841
401
398
1224
400
641
1182
861
302
303
457
599
45
648
960
1582
307
57
56
404
1140
503
460
1615
1056
732
320
962
392
555
1419
349
348
644
993
461
1669
76
72
71
885
109
108
774
463
809
862
113
618
114
674
1365
483
464
676
485
227
1125
226
864
1788
1533
1358
1059
467
219
579
218
1359
833
628
785
657
994
629
510
863
1226
995
1616
1264
414
1361
487
1348
864
1141
707
661
922
1222
1142
1017
1546
439
340
1223
1362
1004
417
1617
350
878
866
1089
1480
1014
475
1614
1229
326
327
665
1363
867
1382
1143
853
868
351
1460
421
474
1382
867
853
1143
365
477
982
173
627
1794
1611
180
181
479
364
1793
871
1287
870
1618
426
1786
1347
1202
998
1364
1076
531
1619
481
1476
1389
741
1232
999
203
1590
202
482
1165
1146
738
1225
1365
410
1164
675
676
1713
485
148
147
430
376
1023
1000
128
966
129
864
1348
1366
974
1599
235
437
1036
1001
490
1024
624
152
151
433
1620
895
1002
1080
374
1099
987
1134
1367
636
1839
1540
256
970
255
1049
855
1368
1064
376
1621
491
495
1369
681
1716
1370
684
1332
836
865
1546
1149
851
1446
380
1010
1673
1622
590
1868
1052
1081
1417
688
1209
1852
441
839
821
875
504
1467
454
691
876
1371
961
1316
825
344
1352
1372
402
1378
457
505
1377
1373
800
1470
1623
447
502
391
979
696
1374
391
502
1624
857
1356
391
1625
1355
1140
1071
644
1626
70
69
449
921
1442
625
394
1778
1777
450
1155
1375
866
1519
1627
1628
866
878
452
1238
1158
452
1720
1622
923
1698
1629
1126
1568
1313
950
1276
1376
1151
1852
1630
702
1151
1159
1011
689
1631
694
1373
1377
500
1136
1179
877
1604
1378
301
302
881
984
1812
1439
808
1773
1013
1310
704
1632
459
1083
1379
814
390
1160
502
447
1161
1014
858
663
1288
667
1633
744
481
1162
771
1594
1163
809
1268
1634
658
863
1380
707
884
661
1221
1692
634
655
718
1164
224
1586
223
673
1146
1165
1227
466
1635
411
1289
1166
1167
722
1381
968
1322
564
659
1226
1016
356
833
710
511
1567
1124
1167
1381
1289
673
1234
1636
359
1473
1637
1412
491
1638
1001
1036
681
712
1570
438
453
1241
859
1639
473
1017
420
1459
1640
866
1628
1383
407
885
1384
985
394
1385
1018
1857
476
1156
1375
1155
1119
422
1286
172
982
171
831
1527
1386
1019
715
1387
1388
997
870
178
179
886
424
1387
715
82
562
571
352
481
1389
736
1400
1170
1531
1020
1641
466
1165
353
654
428
1171
513
1166
883
353
1015
466
484
1015
1172
230
231
523
582
359
1642
431
1478
805
1175
888
1643
925
720
1175
1381
373
1523
524
432
1176
884
1473
1177
723
1176
432
803
1781
1390
433
1871
490
1147
1370
496
434
1705
491
524
1525
1412
1391
378
889
1022
436
724
435
526
1392
1003
436
1393
1003
1543
436
253
588
890
491
1412
495
677
1714
1023
438
1066
725
1024
683
416
1127
384
1644
384
279
640
693
500
727
1394
694
498
789
1468
1026
800
1469
1645
1012
500
1179
727
500
1646
807
729
1395
730
692
1396
447
1140
1161
730
1244
1397
393
1548
604
602
1337
1398
1067
442
1647
874
1520
552
1008
456
1399
728
1469
345
871
1228
364
1144
1708
421
920
1258
1648
735
1246
1031
717
1170
1400
193
1343
192
794
1712
1401
784
1090
1184
629
1219
793
996
356
1402
770
1425
1403
522
1536
482
1649
1171
1185
428
1454
512
1249
1482
740
1249
740
1404
1112
775
1650
671
999
427
985
1385
1405
986
1539
1406
1286
1576
477
1157
1627
1519
830
1279
1407
1033
1549
1309
1194
1744
1408
1242
1745
743
852
1512
1410
852
351
1187
757
520
1035
88
899
89
352
1162
481
748
812
531
482
1146
522
522
1454
924
1205
1426
1173
1204
1189
1411
489
681
1036
432
524
1412
524
1176
1037
534
1612
240
493
851
526
380
1518
1517
494
1672
1331
933
360
1651
1312
1394
1652
286
287
535
791
1767
1251
691
1371
747
1161
1571
502
599
1254
47
911
1422
1413
426
669
897
985
1405
1414
1519
451
698
538
1035
1653
103
1192
104
534
977
745
976
1329
238
780
1675
1053
284
285
540
600
782
753
814
1101
1040
1253
1749
749
395
1435
1041
756
561
1415
571
1120
1042
757
1035
758
1031
1246
1655
813
1193
752
1334
544
1656
765
1306
901
545
842
333
761
939
742
940
1486
1191
1202
1364
872
831
1325
573
900
752
1193
544
1487
1416
537
901
541
606
842
1657
910
1529
1201
478
893
547
366
1194
546
1019
1408
518
548
264
1658
1362
381
1659
160
159
549
382
1208
1660
273
274
550
343
1613
1139
551
1495
27
1563
1884
1661
1081
504
1417
442
726
1418
300
824
299
1152
643
1662
41
40
554
790
1266
1663
64
556
65
1056
1615
1542
64
63
556
1338
393
1664
327
328
557
557
964
1018
349
1777
1318
1045
826
697
123
122
559
1059
1296
1420
184
185
560
870
1287
1665
89
899
90
542
815
1196
79
570
80
705
930
1666
563
1343
194
911
508
1422
213
1587
212
568
1323
1197
711
1731
1423
1015
1545
1172
706
1084
1048
717
1790
1170
197
1163
196
199
1122
198
659
1016
1198
514
568
1667
873
1368
855
494
1809
1022
77
1669
78
734
848
1669
83
82
571
757
1042
520
669
1347
1199
1050
1819
425
744
1247
1200
957
910
1201
902
1364
998
618
112
774
1199
572
1670
575
1593
186
196
1594
195
508
1528
1422
909
468
1203
1048
1084
1424
200
201
578
357
1760
912
412
218
579
220
1596
219
226
1344
225
770
1491
1425
228
229
581
675
1403
1204
1637
1642
359
582
1173
1426
232
233
583
1079
359
1427
925
721
1671
1235
374
1429
236
975
974
488
1328
1430
586
1330
240
241
242
586
836
1280
684
836
1148
1051
255
1601
254
1038
1331
1672
1003
1367
1134
725
1479
438
452
687
1207
1010
440
1673
267
268
591
400
880
591
8
845
9
441
1467
1209
443
33
778
946
1661
779
1308
1869
727
1039
1654
1675
694
1394
386
528
1603
1053
643
847
1211
847
1342
1431
1353
389
1676
388
1211
597
312
313
598
501
1374
1677
43
648
44
753
980
600
1181
1397
1244
782
1496
1040
317
1354
316
601
1678
446
602
1398
1432
1160
460
1433
1212
446
1678
1395
603
1679
1433
503
1680
1419
1056
1542
1071
1696
652
405
322
605
330
331
917
842
1340
332
451
1383
607
532
1749
1681
608
918
1682
608
1682
1306
337
1137
336
1434
1880
755
991
1541
170
755
1041
1435
395
1559
1190
611
898
541
166
167
612
612
396
1683
1006
1816
1138
1052
1207
687
614
399
1437
1095
799
1684
288
289
1438
289
290
615
309
1583
308
459
984
1439
1028
1398
1337
393
61
617
1440
1090
784
1090
1743
1685
1186
1573
409
719
1296
1059
141
1588
142
1097
1494
1686
784
1497
1215
509
1768
1441
622
994
657
776
1113
1061
434
1369
1062
374
1235
1133
382
624
1687
382
157
624
1240
515
1688
515
1414
625
421
1183
626
365
1513
853
1046
1665
1287
1309
1407
1689
1217
1608
1359
356
996
1218
738
1769
463
1690
793
1219
431
1477
1443
932
1477
805
1002
1621
376
631
1465
1237
1220
1443
630
786
1099
415
433
150
633
1023
1349
1691
1080
786
1445
795
634
1692
725
1142
1222
987
1392
438
662
1132
1693
1132
417
1446
417
662
1223
1223
340
1313
639
638
787
1029
1647
442
990
760
1694
1067
1826
442
640
280
281
837
1602
282
861
1182
1447
861
1516
1448
1007
1371
876
593
945
1068
643
1723
1342
1117
553
1695
1154
1357
1449
1057
652
1696
1282
419
1697
645
1256
1032
646
1629
1698
860
1522
1224
1224
398
1699
1159
1579
702
499
810
746
825
915
1450
641
1448
984
306
1582
305
1071
1626
405
1356
857
1700
652
993
644
651
1072
1701
605
1696
405
1070
1701
1702
1048
653
1451
862
653
1452
428
654
1453
512
1171
428
655
1713
718
410
1205
655
795
1456
676
1703
1221
1220
510
629
793
1219
413
1704
1188
1883
1454
1225
1453
654
785
1498
1226
995
1198
1455
429
1734
1635
795
1692
1456
471
491
1705
464
1141
1706
417
1132
662
381
1362
362
364
1030
1457
1030
364
1228
664
1614
1375
419
1282
1707
1070
1828
1320
325
326
1458
626
1183
1459
1183
421
1708
1144
421
1460
1019
1475
715
424
829
668
1410
1580
852
1199
368
1461
897
1619
531
938
759
1709
1107
1565
1462
204
205
1231
1322
968
1710
934
672
1232
357
578
1711
673
1165
679
1185
1636
411
483
1166
1131
674
1401
1712
484
1172
675
1125
1204
465
660
1456
656
429
718
1713
374
1558
1429
677
1078
1714
720
1535
1175
136
135
798
1348
470
1715
1227
1872
466
1079
680
1464
233
1345
583
803
978
525
496
1370
1716
1463
682
1717
1062
1445
786
922
416
1236
1064
1621
1465
378
1609
889
1134
1332
1718
686
1017
473
1063
1687
624
686
1208
685
1150
686
1719
1158
699
1720
1622
1673
1150
955
1295
1466
441
454
1467
913
1209
1081
1292
1631
689
927
1534
385
498
1815
1007
949
1483
1721
959
642
1722
1180
692
1469
704
1537
1013
1027
1646
500
1152
693
1723
694
1377
498
386
1012
1008
800
1645
1470
1377
1873
445
310
311
1724
311
312
696
1045
697
1725
1240
1778
985
898
1190
451
516
1733
714
1158
1238
1726
1115
1581
440
923
1293
1241
1293
1868
1126
383
15
929
845
1783
1466
989
1307
401
1151
1307
441
728
1834
458
882
1379
1728
458
703
704
403
1724
979
1472
520
930
871
1288
506
1170
887
1729
776
1424
1084
1173
1847
485
884
1637
1473
711
1567
565
221
222
1085
671
1077
1730
370
209
709
1047
1423
769
1020
1547
710
711
565
1731
1085
1311
372
377
1781
1732
1390
377
1570
1072
1702
1701
476
664
713
1157
1559
1733
991
1082
1474
1019
518
1475
715
1592
829
573
1325
1476
425
854
716
897
531
1243
954
1507
1528
484
1164
718
1227
1635
1734
797
1643
931
722
1270
373
632
623
804
1111
798
1735
431
805
1477
804
1428
1478
722
1167
487
487
932
722
1177
723
1736
1328
585
1430
889
1297
492
1038
1552
1737
1479
725
1738
712
438
1479
1418
1577
733
726
442
639
1039
1308
528
1674
727
1869
345
1728
728
801
1180
458
1054
1677
1374
729
1677
603
807
731
1739
346
1747
1298
1244
1739
731
1181
731
1740
732
1128
448
448
1357
732
733
1520
1029
806
1418
726
1421
848
1741
407
1014
1480
772
1258
1215
408
1565
1246
462
1648
736
744
1162
1247
1121
1748
1742
1481
191
737
809
1634
862
463
1225
738
1248
509
739
1560
355
1743
1186
740
1482
618
1685
1186
427
1232
672
909
1667
568
1194
366
1744
366
761
742
705
1751
750
1409
743
1745
521
1572
1162
1247
1574
1200
751
976
1250
1037
1305
1746
529
1178
1483
825
810
1747
811
791
1251
691
747
1484
1243
812
1485
1121
1413
1748
532
749
1749
1750
625
749
520
1120
930
1633
480
1751
745
1250
976
751
1250
1206
763
1782
1193
535
1438
1335
1055
1432
1398
1254
1810
1538
754
1055
54
536
1538
1101
541
983
611
610
1041
396
543
1191
1486
937
1860
95
520
1472
1035
538
1804
1196
815
1877
1196
1042
757
1255
1476
481
1752
744
1200
938
816
1416
1487
1271
726
1753
1409
742
1754
546
904
366
1486
940
1529
543
892
762
764
1416
816
763
1487
1334
959
1722
928
953
1303
764
765
363
1755
608
1795
1756
1757
943
819
942
1837
1488
1489
383
1094
1005
1770
688
899
1415
561
768
1526
1255
1087
1731
565
924
1641
1087
1021
565
1490
1124
580
1491
508
1779
1758
771
1779
911
621
1215
1258
735
1031
772
756
1260
1492
1044
773
1759
1192
1849
574
774
1462
1184
357
1506
1760
934
741
1262
1263
566
577
1113
1263
1493
1283
1575
584
1060
1686
1494
1068
1500
1761
1266
1861
945
551
24
779
1489
1094
1563
1312
1870
595
1274
813
1762
927
1803
1763
385
1762
1764
1181
1740
600
1245
530
1496
732
604
783
1028
1548
617
735
1215
1497
1215
1248
784
1016
1226
1498
793
1690
1264
1765
415
1099
1062
786
1265
276
1127
1499
384
1351
1025
1025
788
1766
640
1813
1351
695
1026
445
949
1867
1100
945
1281
1266
1106
443
1500
648
554
1501
1267
1862
1767
1248
621
1768
706
1451
462
785
1264
657
414
1218
996
1401
1560
794
738
1712
1769
1502
676
464
795
1502
634
677
1691
796
834
1865
1269
931
1174
1503
719
1270
948
1105
678
1504
138
137
1111
879
342
947
1095
688
1770
529
1470
1178
1009
1623
1470
1180
1396
692
801
458
704
1213
399
1771
399
163
802
1479
1881
1390
472
1716
978
925
1671
1530
804
1478
632
1296
719
1772
722
932
1270
951
806
1271
1093
1488
821
807
808
729
807
1395
1245
1244
1396
1773
501
1677
808
1712
794
1769
792
1634
1268
810
1316
746
1272
935
499
529
1483
949
811
1721
791
908
1507
1273
717
1400
1505
752
1675
813
763
1775
1487
753
1040
1101
460
1160
390
998
773
1044
1415
1877
756
1274
1774
1775
816
1774
817
817
823
816
781
927
385
766
1561
1275
767
1376
1276
767
1276
1277
766
1275
1114
820
1428
850
1060
1494
919
726
1271
806
941
1301
1776
1116
1807
953
823
1116
764
764
816
823
817
1534
823
301
881
300
1372
906
1521
935
1747
810
825
1747
915
1155
394
1777
1240
697
1778
1096
1758
1779
567
912
828
1262
775
1506
1261
1882
1780
351
1580
829
829
424
715
830
1549
1050
893
1407
1279
573
1201
831
517
1386
546
908
1528
1507
508
1758
832
356
1218
833
579
1597
1359
1269
1283
796
430
146
834
1051
835
1508
1088
1732
1781
377
1732
1051
378
1391
1280
282
283
837
1416
1878
544
283
284
838
763
1334
1782
945
818
1281
1093
821
1509
840
1317
857
840
1514
916
1256
1755
363
419
1798
1697
332
333
842
545
903
842
545
334
843
336
1341
335
844
610
396
396
612
844
1471
1727
1783
10
9
1466
1315
1579
846
398
271
846
290
1118
615
596
1211
847
1421
1666
930
848
1532
570
620
1097
849
584
1235
1283
1133
584
1784
1060
820
1510
380
526
851
1569
851
1785
1216
519
1511
1034
1410
1512
420
868
853
1216
853
1513
1389
716
1786
425
1386
1050
1569
1839
1132
855
1785
873
877
1378
1284
456
1179
444
1514
840
857
1700
1285
1844
1074
663
1515
858
1014
921
1168
859
1241
1658
859
1659
647
455
860
646
1698
1522
1378
1874
1447
1069
649
1516
413
1452
653
629
863
862
658
1225
863
463
862
863
1787
660
656
630
1533
1788
635
380
1517
1004
1617
1518
418
1383
474
698
1157
1519
1074
1457
1030
867
1557
474
420
1640
868
477
1119
1286
869
1460
829
1144
1842
667
668
1388
1145
1287
1584
1046
1633
1666
1288
506
1741
1228
872
1192
102
872
1850
1202
435
1393
493
436
1668
1368
733
552
1520
950
1376
552
952
1776
1301
875
1239
839
691
928
876
927
1763
690
856
1284
444
881
877
1521
350
1866
878
1382
1640
1459
342
1854
947
1213
1437
399
880
1801
591
860
646
1522
344
1521
877
824
300
881
345
1623
1544
1008
1399
505
1249
513
1523
470
1167
1289
488
1430
1177
471
1705
884
407
73
885
697
1169
449
519
1513
886
177
178
1789
1790
954
887
1084
706
1791
678
1524
1504
966
1808
1524
933
1297
360
492
1718
889
527
249
1792
890
1792
251
667
1288
891
1363
666
1793
670
762
892
1709
957
1752
517
1346
893
478
1611
1794
894
1411
1189
523
973
894
1036
437
1525
437
1002
895
790
1663
1564
949
1721
1290
812
1243
531
1243
1859
897
451
607
898
537
541
898
561
90
899
533
1255
1526
286
535
1291
535
1092
900
537
1749
901
901
363
765
902
762
670
774
574
1107
1257
1756
1795
841
1657
1257
904
1529
366
831
1201
1527
1068
1761
593
779
1210
551
553
824
906
1152
1372
1352
691
1484
928
896
1663
1252
832
954
1528
717
1505
1273
1016
1498
1796
775
1203
468
543
1554
1191
761
366
1529
911
1413
576
576
771
911
567
1122
912
912
578
357
1095
1684
688
1238
1631
342
1102
1275
818
914
1102
905
648
1501
1108
346
1181
1797
916
1678
1354
1153
1624
502
606
1697
1798
917
1798
964
1799
609
1109
1436
1683
396
956
1735
798
720
925
1530
621
1258
920
1441
920
1800
625
1610
921
1169
1384
885
922
1142
1104
683
1236
416
700
1241
1293
453
591
1801
1531
1883
469
769
1641
1020
948
721
1802
1428
1671
721
943
1757
1294
701
1562
1295
1098
1763
1803
690
1776
1534
690
876
928
1252
1484
747
926
701
1295
701
1757
1566
848
1421
1532
750
1472
705
619
1420
559
948
1772
719
805
1863
932
487
864
1533
889
360
1297
248
1651
360
1203
1262
741
1233
1711
578
810
499
935
730
1397
1298
37
36
1299
1300
1106
936
756
1492
561
1259
1492
1260
481
744
938
1230
1709
759
761
940
939
542
1196
1804
1191
815
1805
542
939
940
822
1806
1301
941
690
928
552
733
942
1302
1577
951
767
819
943
926
1294
701
468
1650
775
776
1263
1113
593
1102
945
907
1266
642
779
22
946
929
1562
383
799
1294
955
1437
879
1471
948
1863
721
925
1802
721
896
1290
811
789
1100
747
942
1488
552
1093
1561
1276
1278
1864
953
821
1837
1103
1116
823
1806
927
690
1534
822
1103
1807
760
1416
1303
954
832
566
566
887
954
955
1727
799
926
1295
955
888
1175
1535
956
1535
919
1304
892
543
957
1304
910
958
903
545
545
843
958
959
907
642
1239
1722
642
307
308
960
1607
960
1812
1108
1450
915
554
1862
1501
320
321
962
962
405
650
963
1318
1045
556
1319
558
329
917
964
419
1707
964
179
180
965
479
1034
965
127
126
966
1174
1524
1808
205
206
967
370
1077
967
564
1197
968
999
1730
514
1087
1835
1536
969
1835
1021
569
1668
1809
970
1809
1601
258
1600
257
971
1600
1049
1327
1596
220
372
1047
972
582
1426
973
231
1598
523
235
236
974
585
1328
974
975
751
585
585
974
975
239
1612
238
534
745
976
835
1732
977
1305
745
977
803
1881
978
978
681
489
598
1374
696
501
1013
1537
536
1254
1538
1254
599
1810
1056
555
1811
555
963
981
172
173
982
477
516
982
765
1795
1306
1434
1682
918
1058
1439
1812
459
641
984
450
1385
394
475
1875
1385
607
1406
1539
1515
986
1557
526
1556
1392
987
438
589
1049
361
1540
260
1324
361
989
1841
1826
702
401
1307
1043
1878
1813
497
1694
760
169
170
1541
170
171
991
1542
993
992
651
1156
992
1072
1829
652
993
1829
992
1112
1650
622
468
1498
994
659
1198
995
995
1455
1217
356
1547
1402
793
1361
1402
1410
1034
1814
423
1618
479
1260
1759
773
998
762
902
1086
1730
1077
514
1667
999
1463
1714
1078
1000
1717
1620
681
1370
1001
1001
379
437
379
1621
437
376
1000
1002
724
436
1543
873
1393
436
637
1617
417
865
1518
439
874
1376
1005
767
943
1005
1011
1816
689
1151
1630
1159
876
1763
1007
1468
1007
1815
1008
1373
386
1182
1399
456
695
445
1009
882
1728
1544
699
1115
1010
1208
1673
440
1011
1238
1207
1006
1630
1816
1179
1848
1012
386
1817
1012
801
704
1013
1013
501
808
663
1089
1014
407
1384
1014
1021
1172
1545
1015
484
718
909
1796
1498
568
1198
1016
1017
686
685
865
439
1546
476
1320
1018
1229
1707
1282
1387
478
1408
1242
1475
518
356
710
1547
710
1047
1020
1021
1545
969
511
1490
565
724
1552
1022
1668
1022
1809
376
1064
1023
1065
1691
1349
416
1824
1024
490
1237
1024
726
1766
788
787
1644
639
1026
695
529
529
1100
1026
500
1012
1027
595
1603
1817
393
617
1548
617
59
1028
442
1418
1029
454
1647
504
1030
1228
1089
663
1074
1030
1031
1655
1230
759
772
1031
1032
1875
645
1253
1876
363
575
368
1033
572
1050
1549
1034
1512
965
479
997
1034
1409
1653
743
538
758
1035
895
1525
437
1037
1746
1551
1135
1305
1037
1036
1551
489
1297
933
1552
527
1792
1331
1092
1578
752
727
1646
1308
753
782
1040
1040
390
814
755
396
1041
610
1474
1041
758
1255
757
85
84
1553
990
1813
760
281
1602
640
1554
543
762
1044
1554
998
449
1725
697
558
963
1045
185
367
560
830
1407
1309
769
1020
1047
710
972
1047
1048
1424
653
653
1634
1451
1049
1368
971
988
1540
361
517
1279
1050
572
1347
1819
586
1508
835
1280
836
1820
687
590
1052
341
1605
1052
781
1764
1053
1654
1053
1675
1130
446
1555
1212
603
1821
404
55
1055
1101
1879
754
981
1811
555
1056
1811
732
605
323
1339
406
1072
1057
616
1583
1822
703
1632
704
1420
1573
1059
1059
1358
719
919
1530
1060
850
1510
820
657
1704
622
413
1424
1061
415
1265
786
1265
634
1823
624
1024
1063
1149
1843
1824
1444
1465
379
631
1349
1064
430
1825
633
1269
796
1825
526
380
1556
1066
1556
1142
1067
1647
989
639
442
1826
1500
1068
1827
1495
1761
1500
1448
1516
649
402
1606
1069
665
1320
1828
713
1701
476
1071
652
644
1154
1626
644
993
652
1829
652
1057
1072
661
1705
1830
1062
1823
434
858
1515
663
418
474
1557
1242
743
1831
869
1592
1832
1076
1619
1461
369
1481
1076
671
967
1077
1077
370
709
796
1429
677
1080
1463
1558
1328
1464
680
582
1427
359
1445
1463
1080
1833
1099
374
504
1520
1417
688
913
1081
698
1190
1559
395
1474
1082
459
1439
1083
1834
728
1083
887
1791
706
1084
1791
1263
711
1423
1311
372
1327
1085
709
1710
1077
968
1323
1086
969
1536
1835
1087
1536
924
1088
1781
525
525
1305
1088
663
1030
1089
734
1669
1480
1090
1685
1184
739
794
1560
480
1832
1091
743
1550
1091
1308
1578
594
752
900
1092
839
1509
821
766
1276
1561
1562
701
1094
1563
1661
1489
1294
799
1836
1214
1684
799
771
1163
1096
828
1589
567
1097
1686
1575
620
142
1588
595
1394
1312
1098
1652
1007
786
1080
1099
632
1765
623
789
1026
1100
1100
529
949
1432
1879
814
754
536
1101
818
945
1102
593
905
1102
822
875
1103
1302
1103
1837
1104
1517
1149
416
922
1104
1105
956
798
798
135
1105
1251
936
1564
778
1500
443
670
1565
902
408
1462
1565
980
1810
915
1108
599
648
1109
918
608
608
1756
1109
1436
918
1838
1137
1840
1838
1111
1735
354
354
139
1111
622
1113
1112
1112
944
775
1113
1493
1112
622
1061
1113
1094
701
1566
819
1277
1114
440
1010
1115
1213
1771
699
952
1806
823
1278
1807
1103
906
1695
553
597
1676
388
290
291
1118
1118
596
847
174
175
1119
422
1143
1286
562
1532
1120
520
1042
1120
563
1413
1121
1076
1742
531
578
912
1122
567
198
1122
371
1455
1123
358
1587
1123
1425
1491
580
1311
1124
1567
581
1204
1125
465
1344
1125
590
1719
1126
637
1313
1568
277
278
1127
1025
1644
384
503
1355
1128
1128
732
783
612
1683
1129
397
164
1129
314
315
1130
446
1821
1555
1249
1404
513
1131
1404
1401
636
1132
1839
636
1693
1132
623
1833
1133
777
1784
584
1134
987
589
589
1332
1134
375
1250
1135
745
1305
1135
856
1179
1136
1136
500
693
338
1840
337
1110
1838
1840
646
860
1138
455
1006
1138
550
343
1139
638
1826
1841
460
1161
1140
447
1356
1140
661
1830
1141
464
1847
1141
725
1066
1142
635
1104
1142
868
1286
1143
422
1321
1143
480
667
1842
891
1708
667
424
668
1145
870
1665
1145
1234
411
1636
512
522
1146
496
1236
1147
1237
1444
683
712
1390
1570
377
1051
1148
1063
1824
1843
1149
1824
1104
473
1719
686
1150
590
687
455
1159
1006
702
1307
1151
693
1674
1723
388
1662
643
530
1679
502
603
1212
1153
644
1357
1154
347
1700
1844
349
1845
1155
1155
450
394
1845
992
1156
1156
651
713
698
1559
1157
1157
1733
1576
1213
699
1846
1010
1720
699
1159
455
647
647
1579
1159
503
1433
460
602
1432
1160
1161
460
390
530
502
1571
352
1485
1162
1247
1162
1572
197
198
1163
567
1096
1163
484
675
1164
1164
410
655
482
353
1165
466
679
1165
513
1131
1166
483
1649
1166
470
487
1167
373
1381
722
637
1223
1313
1168
340
859
885
449
1169
1240
1688
697
706
1729
887
1170
1729
736
512
1185
1171
1171
483
654
1021
1490
1172
770
1403
1172
464
485
1847
485
1205
1173
888
1524
1174
1174
1808
1503
1174
1643
888
797
1802
1175
723
1206
1176
375
1037
1176
432
1736
723
1177
1736
884
1178
1645
1272
499
1483
1178
856
444
1179
1008
1012
1848
692
1645
1469
728
458
1180
1245
1740
731
600
1797
1181
456
1447
1182
641
1379
1182
1183
891
666
666
1459
1183
618
774
1184
408
1497
1184
1146
1636
512
411
1166
1185
619
409
1573
409
618
1186
1187
421
626
626
1511
1187
428
1453
1188
658
1380
1188
581
229
1189
1189
523
894
1190
898
611
611
1435
1190
1044
1759
1191
542
1805
815
1364
902
1849
574
105
1192
813
1775
1193
540
1291
1193
547
1346
1194
742
1744
366
265
266
1195
1195
453
859
1196
768
758
758
538
1196
564
1587
1197
358
1198
1197
568
1197
1198
358
1455
1198
1033
1670
572
1326
1461
368
1200
772
759
759
938
1200
904
1527
1201
1201
573
957
1259
1202
1850
1202
773
998
775
1262
1203
741
1667
1203
581
1189
1204
1204
410
675
485
655
1205
410
1411
1205
585
751
1206
375
1176
1206
1207
1052
613
613
1816
1207
440
1660
1208
382
1687
1208
1292
689
1851
1151
441
1852
1210
914
905
1495
551
1853
596
597
1211
1211
388
643
1212
1678
1624
1054
1821
603
802
1771
399
1158
1846
699
799
947
1214
1292
1851
1854
735
772
1215
621
1248
1215
519
1512
1511
420
853
1855
628
1360
1217
216
1608
371
414
1360
1218
628
833
1218
629
1452
1219
1061
1704
413
630
1788
1703
415
1765
1220
634
1265
1221
415
1220
1221
922
1236
1222
472
1738
496
1168
1313
340
1223
637
417
846
1699
398
1224
647
860
654
1365
1225
463
863
1225
659
995
1226
1226
1616
1264
1734
660
1872
1015
1635
466
871
506
1228
1856
1089
1228
645
475
1229
664
476
1857
759
1031
1230
892
1304
1230
1231
671
427
427
1590
1231
427
999
1232
1232
741
934
201
1595
578
1233
672
934
679
1715
673
470
1289
1234
796
1283
1235
584
1133
1235
683
1147
1236
496
1222
1236
683
1024
1237
1237
490
631
342
1726
1238
452
1207
1238
1281
839
1858
875
1301
1239
1442
1688
515
826
1778
697
700
1168
1241
453
1801
1241
518
1744
1745
1091
1831
743
812
1505
1485
426
897
1859
731
1181
1244
730
1396
1244
731
807
1245
530
1571
1496
670
1655
1246
735
1497
1246
1247
1572
507
1258
1574
507
739
1440
1248
920
1768
621
355
1404
740
883
1523
513
745
1135
1250
375
1206
1250
1106
1564
936
1251
896
811
747
1867
1252
959
1484
907
1405
1876
749
363
901
1253
536
50
1254
1108
1810
599
758
768
1255
533
1553
1255
363
1032
1256
645
1282
1256
765
1755
1257
1257
903
958
1247
507
1574
507
1648
1258
773
1202
1259
539
96
1860
773
1259
1260
815
1759
756
1493
1882
944
1780
1882
827
944
1506
775
357
1711
1262
577
1882
1263
776
1084
1263
785
1226
1264
996
1361
414
415
1221
1265
1073
1823
634
907
1663
1266
1068
945
1861
1299
936
1862
791
1316
1267
1268
794
509
509
1441
1268
1065
1825
796
1269
430
834
1863
948
1270
719
373
1270
788
1753
726
1278
951
1864
499
1178
1272
692
1298
1272
1273
812
748
748
1422
1273
780
1762
813
1274
1762
817
1275
1102
914
914
1884
1275
950
1488
1276
766
1277
1276
766
1114
1277
1277
819
767
1103
1302
1278
1271
1864
951
830
1050
1279
1279
517
893
1051
1820
836
244
1350
587
1239
1858
839
642
1266
1281
841
1256
1282
645
1229
1282
1865
834
849
777
584
1575
856
1136
1284
1284
344
877
1285
857
392
392
962
1285
868
878
1866
516
477
1576
997
1618
870
183
1584
423
871
891
1288
480
1633
667
883
1166
1289
411
1234
1289
896
1252
1290
747
1100
1867
900
1193
1291
540
285
1291
1209
1851
689
1214
1854
1851
923
1629
1293
590
1126
1868
926
955
1294
1095
1836
799
1295
929
592
592
1466
1295
1296
797
931
931
1420
1296
933
1737
1552
724
492
1297
935
1272
1298
1298
692
730
1767
1862
936
1299
1862
39
936
1299
1300
1300
443
1106
941
1722
1301
1301
875
822
806
951
1577
951
1278
1302
1303
953
497
1303
497
760
543
1486
1304
957
1230
1304
977
1088
1305
525
1746
1305
1306
983
541
541
901
1306
1307
989
454
454
441
1307
1092
594
1578
387
1674
1869
1689
1818
1309
367
1593
1309
1058
1822
1310
403
979
1310
1311
1085
708
708
1124
1311
1098
1803
1312
1053
595
1870
1313
1168
700
700
1126
1313
1314
273
550
550
1139
1315
647
1699
1579
1315
846
1314
961
1267
1316
791
746
1316
318
319
1317
392
857
1317
826
1045
1318
1318
963
555
963
558
1319
556
1338
1319
557
1018
1320
476
1070
1320
176
177
1321
365
1143
1321
1086
1710
968
709
210
1322
1323
568
514
514
1086
1323
260
261
1324
362
1693
1324
831
1386
1325
1325
425
716
369
1461
1326
368
1585
1326
220
221
1327
1327
372
972
1206
1430
585
488
1464
1328
1329
976
751
751
975
1329
1330
977
534
534
240
1330
1331
890
588
588
494
1331
684
1718
1332
589
1570
1332
1333
591
453
453
1195
1333
838
1782
1334
1043
1656
544
615
1431
1335
1335
594
1092
553
1117
1336
389
297
1336
1337
1680
783
783
1548
1337
1338
1664
1319
556
63
1338
324
325
1339
1339
406
1057
1340
842
606
606
1798
1340
336
1137
1341
609
1799
1341
847
643
1342
387
1869
1342
193
194
1343
563
1121
1343
226
1125
1344
465
1425
1344
233
234
1345
1345
680
1079
1346
517
546
546
1194
1346
854
1819
1347
572
1199
1347
1348
487
470
1234
1715
470
433
633
1871
633
1065
1349
244
245
1350
1350
378
1280
990
1694
1351
788
1025
1351
1352
1136
693
693
1152
1352
294
295
1353
1117
1676
389
601
316
1354
317
1317
1354
1355
1625
1449
448
1128
1355
1285
1700
857
347
1625
1356
448
1449
1357
1357
644
348
467
1523
1358
373
719
1358
628
1217
1359
412
579
1359
995
1217
1360
628
1218
1360
996
1402
1361
1361
793
1264
662
1693
1362
548
1659
381
891
1793
666
364
1457
1363
1107
1849
902
1192
872
1364
654
483
1365
674
1712
1365
1227
1734
1872
660
1787
1366
1003
1393
1367
435
1392
1367
873
436
1368
569
1591
1368
682
1445
1369
1369
434
491
1147
1444
1370
379
1001
1370
1007
1468
1371
789
747
1371
1152
1662
1372
824
1521
906
694
386
1373
1373
1008
505
598
1555
1374
501
1537
1374
1375
1156
713
713
664
1375
767
1005
1376
874
552
1376
1009
445
1873
445
1815
1377
861
1447
1874
444
1284
1378
882
1182
1379
1379
641
459
510
1402
1380
469
1188
1380
1358
1523
373
883
1289
1381
666
1363
1382
474
1628
1382
418
1406
1383
451
1519
1383
1169
1442
1384
921
1014
1384
450
1614
1385
1405
1385
1875
517
1050
1386
425
1325
1386
1145
1611
424
547
1408
478
870
1145
1388
668
1814
1388
854
1786
716
426
1859
1389
1148
1570
377
712
1479
1390
1391
889
684
684
1280
1391
1066
438
1392
987
1367
1392
873
493
1393
435
1367
1393
498
1652
1394
595
1817
1394
1153
1679
603
530
1245
1395
1396
1180
801
801
1773
1396
1397
1181
346
346
1298
1397
1398
1028
404
404
1055
1398
1399
1182
882
882
1544
1399
736
1572
1400
521
1505
1400
674
1131
1401
355
1560
1401
469
1380
1402
510
793
1402
465
1204
1403
675
1172
1403
355
1401
1404
1131
513
1404
1253
749
1876
749
1414
1405
607
1383
1406
418
1557
1406
893
1794
1407
627
1689
1407
1019
1387
1408
1408
547
1194
939
1754
742
1550
1653
1035
997
1814
1034
351
852
1580
894
1205
1411
1411
410
1204
895
495
1412
471
1638
491
748
1748
1413
563
576
1413
749
625
1414
515
1240
1414
899
1526
1415
815
756
1877
764
1303
1416
1043
544
1878
1417
874
1005
1005
688
1417
806
1577
1418
733
1029
1418
992
1845
1419
1419
555
1056
931
1503
1420
619
1573
1420
930
1532
1421
734
1741
848
908
1273
1422
748
1413
1422
1423
1047
372
372
1311
1423
776
1061
1424
413
653
1424
580
1344
1425
465
1403
1425
1426
1205
894
894
973
1426
1427
582
973
973
1598
1427
721
1478
1428
804
850
1428
1078
677
1429
1429
796
1235
1430
1206
723
723
1177
1430
594
1335
1431
615
1118
1431
1101
814
1879
814
1160
1432
1128
1680
503
1433
602
1160
1436
1880
918
1434
755
983
395
1190
1435
611
983
1435
1434
918
1880
609
1838
918
1213
1846
1437
947
1471
879
615
1335
1438
535
287
1438
1058
1632
1439
703
1834
1439
784
1248
1440
739
1560
1440
1648
1800
920
792
1268
1441
515
625
1442
921
1384
1442
1443
1220
632
1443
632
431
379
1370
1444
1147
683
1444
1062
1369
1445
682
1463
1445
1004
380
1446
851
1569
1446
1447
456
444
444
1378
1447
649
1607
1448
1448
641
861
448
1355
1449
347
1844
1449
1108
1501
1450
1450
961
825
792
1800
1451
1451
706
1048
413
1219
1452
1452
629
862
1453
1225
658
658
1188
1453
522
512
1454
1454
428
1188
358
1123
1455
371
1217
1455
660
1734
1456
429
676
1456
1074
1557
1457
867
1363
1457
665
1828
1458
406
1339
1458
666
1382
1459
420
1855
1459
351
829
1460
869
1842
1460
369
1076
1461
1461
669
1199
408
1184
1462
1462
774
1107
1078
1558
1463
495
1717
682
488
1473
1464
1464
359
1079
1444
1237
1465
1465
631
1064
592
10
1466
1727
1466
1783
1467
504
1081
1081
1209
1467
445
1026
1468
789
1371
1468
800
345
1469
1469
728
1180
1470
529
695
695
1009
1470
1471
1783
1437
947
799
1471
930
705
1472
750
1550
1472
359
1464
1473
488
1177
1473
395
1041
1474
610
1541
1474
1242
1831
1475
1075
1592
1475
716
1389
1476
938
1752
481
932
1533
1477
630
1443
1477
721
805
1478
431
632
1478
1222
1738
725
803
1390
1881
1089
1856
1480
1480
461
407
737
1742
1481
369
190
1481
1249
1523
1482
467
1573
1482
1483
499
746
746
1721
1483
1252
907
1484
959
928
1484
521
1162
1485
352
1859
1485
761
1529
940
910
1304
1486
544
1334
1487
1774
1487
1775
1093
1276
1488
950
552
1488
1094
1566
1563
946
19
1489
511
1491
1490
770
1172
1490
770
1490
1491
1491
511
1124
1259
1860
1492
937
561
1492
1261
944
1882
944
1112
1493
1097
1588
1494
354
919
1494
778
30
1495
1210
1853
551
390
1040
1496
782
1740
1496
784
1184
1497
408
1246
1497
785
994
1498
468
909
1498
787
1613
1499
343
275
1499
778
1495
1500
1068
1861
1827
1501
1267
961
961
1450
1501
464
1706
1502
1502
795
676
1503
486
559
559
1420
1503
888
1535
1504
1504
956
1105
521
1485
1505
812
1273
1505
944
1261
1506
1506
357
1262
954
1790
1507
717
1273
1507
586
242
1508
587
1820
1508
839
1281
1509
818
1561
1509
850
1784
1510
777
1686
1510
852
1187
1511
626
1855
1511
852
1511
1512
519
965
1512
365
1789
1513
1513
519
1216
1514
857
391
391
1624
1514
858
1610
1515
986
1406
1557
861
1874
1516
1516
402
1069
865
1149
1517
1517
1104
635
865
1517
1518
1518
380
1004
866
1383
1519
1190
698
451
874
1417
1520
504
1029
1520
344
1372
1521
1521
824
881
1522
880
400
400
1224
1522
883
1381
1523
467
1482
1523
888
1504
1524
1524
678
966
895
1412
1525
524
1551
1525
768
1415
1526
1526
899
533
1527
904
546
546
1386
1527
908
1422
1528
1528
508
832
904
1201
1529
910
1486
1529
820
1060
1530
1530
919
720
1188
469
1883
469
1547
1531
930
1120
1532
562
570
1532
630
1477
1533
1533
932
487
952
823
1534
817
385
1534
720
919
1535
956
1504
1535
969
482
1536
522
924
1536
704
1310
1537
979
1374
1537
1538
980
753
753
1101
1538
986
1610
1539
532
1681
1539
988
636
1540
1540
855
1049
991
1474
1541
610
168
1541
992
1419
1542
1542
348
993
1003
1134
1543
1543
492
724
1009
1873
1544
505
1399
1544
1545
1015
353
353
969
1545
1546
1017
685
685
1843
1546
1020
1531
1547
469
1402
1547
1028
1337
1548
783
604
1548
830
1309
1549
1549
1033
572
1035
1472
1550
750
1091
1550
1036
1525
1551
1551
524
1037
1038
1672
1552
1552
724
1297
1042
1255
1553
533
86
1553
762
998
1554
1044
1191
1554
1054
1374
1555
1555
598
1130
635
1142
1556
1066
1392
1556
867
1457
1557
1074
1515
1557
1078
1429
1558
1558
374
1080
1559
395
1082
1082
1733
1559
740
1743
355
1560
1743
1440
1093
1509
1561
818
1275
1561
1094
383
1562
929
1295
1562
1114
1275
1884
1210
1661
914
1106
1827
1564
1564
896
1251
1107
902
1565
670
1246
1565
1566
819
1114
1114
1884
1566
511
565
1567
1567
711
1311
1568
1126
473
473
1639
1568
1132
1446
1569
493
1785
851
1148
1332
1570
589
438
1570
1571
1161
390
390
1496
1571
521
1400
1572
736
507
1572
1186
1482
1573
467
1059
1573
1574
1258
772
772
1200
1574
1283
1865
1575
849
1097
1575
1286
1866
1576
350
1627
1576
1302
1837
1577
942
733
1577
1578
1308
1039
1039
1675
1578
1579
1315
401
401
702
1579
1580
1410
668
668
829
1580
1115
1771
1581
802
161
1581
960
1607
1582
649
1069
1582
309
310
1583
403
1822
1583
183
184
1584
560
1046
1584
188
1326
1585
1585
368
575
224
225
1586
1586
580
1124
213
214
1587
358
1197
1587
141
140
1588
354
1494
1588
828
1780
1589
827
1758
1589
203
204
1590
1590
427
672
971
1368
1591
569
1809
1591
869
829
1592
715
1475
1592
367
186
1593
1593
575
1033
576
195
1594
196
1163
1594
201
202
1595
1595
672
1233
1596
1327
972
972
1597
1596
833
1359
1597
579
1596
1597
231
232
1598
583
1427
1598
1599
974
680
680
1345
1599
258
259
1600
361
1049
1600
255
970
1601
1601
494
588
281
282
1602
837
1656
1602
595
1053
1603
528
1646
1603
457
1378
1604
1604
877
881
613
1052
1605
341
1629
1605
304
1069
1606
1606
402
457
984
1448
1607
649
1582
1607
216
217
1608
412
1359
1608
246
247
1609
360
889
1609
986
1515
1610
858
921
1610
1145
627
1611
1611
478
1387
239
240
1612
1612
534
976
638
1139
1613
343
1499
1613
475
1385
1614
450
1375
1614
732
1357
1615
348
1542
1615
1616
1360
414
414
1264
1616
637
1568
1617
439
1518
1617
997
479
1618
1618
423
1287
1619
897
669
669
1461
1619
1002
1000
1620
1620
495
895
1002
437
1621
379
1465
1621
1622
1150
687
687
452
1622
1009
1544
1623
1623
345
800
1153
1212
1624
916
1514
1624
1140
1356
1625
347
1449
1625
1154
1844
1626
650
405
1626
1157
1576
1627
1627
350
866
878
1382
1628
474
1383
1628
646
1605
1629
341
1293
1629
689
1816
1630
1006
1159
1630
1292
1854
1631
1631
1238
1011
703
1439
1632
1632
1058
1310
1091
1751
480
705
1666
1633
792
1451
1634
653
862
1634
1635
1015
718
718
429
1635
1185
512
1636
1636
1146
673
1637
884
707
707
1642
1637
471
1736
1638
1638
432
1412
1639
1017
439
439
1568
1639
1640
1382
878
878
868
1640
769
1731
1641
924
1883
1641
707
1847
1642
1642
1173
582
1174
931
1643
1643
797
1175
1025
1766
1644
787
1499
1644
692
1272
1645
1178
1470
1645
1027
1603
1646
528
1308
1646
1029
504
1647
454
989
1647
507
736
1648
462
1800
1648
1185
1166
1649
1649
483
1171
1650
468
994
994
622
1650
248
249
1651
527
1737
1651
498
1007
1652
1652
1098
1312
1550
743
1653
1409
1754
1653
1654
1039
528
1654
528
1053
1655
670
892
892
1230
1655
1043
1602
1656
1656
837
1334
903
1257
1657
841
1697
1657
1658
1195
859
340
1659
859
548
1658
1659
1659
340
1362
440
1581
1660
549
158
1660
1210
779
1661
946
1489
1661
388
1695
1662
906
1372
1662
907
1252
1663
896
1564
1663
604
1811
1664
981
1319
1664
1046
1689
1665
627
1145
1665
1421
1741
1666
506
1288
1666
909
1203
1667
741
999
1667
569
1368
1668
1668
436
1022
570
78
1669
461
1480
1669
1670
1033
368
1670
368
1199
1671
1428
820
820
1530
1671
1672
494
1022
1022
1552
1672
1673
1208
686
686
1150
1673
387
1723
1674
1674
693
727
780
813
1675
752
1578
1675
1117
388
1676
1676
597
1353
1054
603
1677
729
808
1677
601
1354
1678
916
1624
1678
1153
502
1679
1679
530
1395
1128
783
1680
1337
602
1680
1681
537
607
607
1539
1681
1682
1434
983
983
1306
1682
1436
1838
1683
1110
1129
1683
1684
1214
913
913
688
1684
740
1186
1685
618
1184
1685
1060
1510
1686
777
1575
1686
1063
1843
1687
685
1208
1687
1688
1442
1169
1169
697
1688
627
1665
1689
1046
1818
1689
1219
1704
1690
657
1264
1690
1065
796
1691
1691
677
1023
1221
1703
1692
656
1456
1692
636
1324
1693
362
1362
1693
497
1753
1694
788
1351
1694
906
1662
1695
1695
388
1117
1071
405
1696
1696
605
1057
606
1657
1697
1697
841
1282
923
1801
1698
880
1522
1698
846
1579
1699
1699
647
1224
650
1844
1285
1700
347
1356
1070
476
1701
1701
713
651
1702
1072
406
406
1828
1702
1220
630
1703
656
1692
1703
1061
622
1704
657
1690
1704
434
1830
1705
661
884
1705
1706
1073
634
634
1502
1706
1229
1857
1707
1018
964
1707
1144
667
1708
1708
891
1183
1709
1230
957
573
1752
957
1086
1077
1710
1710
709
1322
1711
1233
934
934
1262
1711
1268
1769
794
738
1365
1712
655
485
1713
1713
676
429
1463
1717
1714
1000
1023
1714
1234
673
1715
1715
679
1348
681
978
1716
1716
472
496
495
1620
1717
1000
1714
1717
684
889
1718
1718
492
1134
473
1126
1719
1719
590
1150
1010
1622
1720
1720
452
1158
746
791
1721
811
1290
1721
1239
1301
1722
941
928
1722
387
1342
1723
1723
643
1152
696
979
1724
403
1583
1724
449
69
1725
1725
558
1045
1726
342
879
879
1846
1726
1471
799
1727
1727
955
1466
1083
728
1728
345
1544
1728
1729
706
462
462
736
1729
1086
514
1730
1730
999
671
1087
1641
1731
769
1423
1731
1088
977
1732
835
1051
1732
1082
714
1733
516
1576
1733
429
1456
1734
1366
1872
660
1735
956
919
919
354
1735
432
1638
1736
471
884
1736
933
1651
1737
527
1331
1737
1222
496
1738
472
1881
1738
1244
1773
1739
1739
808
807
1245
1496
1740
782
600
1740
734
1856
1741
506
1666
1741
1076
1481
1742
1742
737
1121
740
1685
1743
1090
1440
1743
742
1745
1744
518
1408
1744
1242
518
1745
1745
742
1409
1746
525
489
489
1551
1746
935
1298
1747
346
1797
1747
1748
748
531
531
1742
1748
1253
901
1749
537
1681
1749
1750
749
532
532
1539
1750
1091
750
1751
1751
705
1633
938
1709
1752
1752
573
1476
788
1694
1753
497
1864
1753
939
1804
1754
538
1653
1754
1755
1256
841
841
1257
1755
1756
1257
958
958
1109
1756
819
1566
1757
701
1294
1757
1096
1589
1758
827
832
1758
1260
756
1759
815
1191
1759
1261
1780
1760
828
912
1760
1495
1853
1761
905
593
1761
780
1764
1762
385
817
1762
1098
1007
1763
876
690
1763
780
1053
1764
1764
781
385
1099
623
1765
632
1220
1765
1766
726
639
639
1644
1766
936
1251
1767
1767
791
1267
920
1441
1768
1768
509
1248
1769
1268
809
809
463
1769
1770
1005
943
943
1836
1770
802
1581
1771
1115
699
1771
948
1802
1772
1772
797
1296
801
1013
1773
808
1739
1773
1274
817
1774
1774
816
1487
763
1193
1775
1775
813
1274
952
1534
1776
1776
690
941
826
1318
1777
1777
349
1155
826
1777
1778
394
985
1778
508
911
1779
1779
771
1096
827
1589
1780
828
1760
1780
377
1390
1781
803
525
1781
1782
838
540
540
1193
1782
1783
845
614
614
1437
1783
777
1510
1784
1784
850
1133
493
873
1785
855
1839
1785
854
1347
1786
1786
426
1389
656
1788
1787
864
1366
1787
864
1787
1788
656
1703
1788
886
1513
1789
365
1321
1789
887
1170
1790
717
1507
1790
1791
887
566
566
1263
1791
250
251
1792
890
1331
1792
891
871
1793
1793
364
1363
627
1407
1794
1794
893
478
608
1306
1795
1795
765
1257
1796
909
568
1796
568
1016
1797
600
915
915
1747
1797
419
964
1798
917
1340
1798
1799
1109
843
843
1341
1799
462
1451
1800
1800
792
1441
880
1698
1801
923
1241
1801
925
1175
1802
797
1772
1802
1803
927
781
781
1870
1803
538
1754
1804
1804
939
542
1805
542
940
1805
940
1191
952
1301
1806
822
1807
1806
1278
953
1807
1116
1806
1807
966
126
1808
486
1503
1808
494
1601
1809
970
1591
1809
1108
915
1810
980
1538
1810
981
1664
1811
604
732
1811
984
1607
1812
616
1822
1812
990
1351
1813
640
1602
1813
997
1388
1814
1814
668
1410
498
1377
1815
1815
445
1468
1011
1207
1816
613
1138
1816
1027
1012
1817
386
1394
1817
367
1309
1818
1818
1046
560
854
425
1819
1819
1050
572
1051
1508
1820
587
1350
1820
1054
1555
1821
1821
446
1212
403
1310
1822
1058
1812
1822
1073
1830
1823
1823
1062
1265
1063
1024
1824
416
1104
1824
1065
633
1825
1825
430
1269
1067
989
1826
1826
638
639
790
1564
1827
1827
1106
1500
1070
1702
1828
406
1458
1828
1829
1072
651
651
992
1829
434
1823
1830
1073
1141
1830
1831
1091
1075
1075
1475
1831
1075
1091
1832
480
1842
1832
374
1133
1833
1833
623
1099
1083
1439
1834
703
458
1834
1835
1087
565
565
1021
1835
1095
1770
1836
1836
943
1294
821
1488
1837
942
1577
1837
609
1137
1838
1110
1683
1838
1569
1785
1839
855
1540
1839
1137
337
1840
1840
397
1110
989
401
1841
1841
1139
638
1144
1460
1842
869
1832
1842
1149
1546
1843
685
1687
1843
650
1626
1844
1154
1449
1844
1156
1155
1845
349
1419
1845
1158
1726
1846
879
1437
1846
1173
1642
1847
707
1141
1847
1848
1179
456
1848
456
1008
1107
574
1849
1849
1192
1364
872
100
1850
539
1860
1850
1851
1209
913
913
1214
1851
1852
1209
689
689
1630
1852
1853
1210
905
905
1761
1853
1214
947
1854
342
1631
1854
1216
1511
1855
626
1459
1855
1228
1741
1856
734
1480
1856
1018
1707
1857
1857
1229
664
1858
1239
642
1858
642
1281
1243
1485
1859
352
1389
1859
937
1492
1860
1259
1850
1860
1861
1266
790
790
1827
1861
1267
1501
1862
554
39
1862
1270
932
1863
805
721
1863
1271
1753
1864
497
953
1864
849
1575
1865
1283
1269
1865
350
1576
1866
1866
1286
868
1867
949
1290
1290
1252
1867
1868
1293
341
341
1052
1868
1869
1308
594
594
1342
1869
1312
1803
1870
1870
781
1053
1871
1349
631
631
490
1871
1872
1366
679
679
466
1872
1873
1377
505
505
1544
1873
1874
1378
402
402
1516
1874
475
645
1875
1032
1876
1875
1405
1875
1876
1032
363
1876
1877
1415
768
768
1196
1877
1878
1416
760
760
1813
1878
1879
1432
1055
1055
754
1879
1880
1436
396
396
755
1880
1479
1738
1881
472
978
1881
1493
1263
1882
577
827
1882
1531
1641
1883
924
1454
1883
914
1661
1884
1563
1566
1884
